version =   2
errmod  = 'fcct14'
RMSast  =   4.04803E-01
RMSmag  =   4.45439E-01
END_OF_HEADER
! Object   Obser ============= Date ============= ================== Right Ascension =================  ================= Declination ===================== ==== Magnitude ==== Ast Obs  Residual SEL
! Design   K T N YYYY MM DD.dddddddddd   Accuracy HH MM SS.sss  Accuracy      RMS  F     Bias    Resid sDD MM SS.ss  Accuracy      RMS  F     Bias    Resid Val  B   RMS  Resid Cat Cod       Chi A M
 469219    O C   2004 03 17.469371      1.000E-06 15 38 37.283  1.500E-02    0.849 F    0.000   -0.210 +27 48 50.30  1.000E-02    0.849 F    0.000    0.037 22.9 G  0.70   0.36   V 645      0.26 1 1
 469219    O C   2004 03 17.472689      1.000E-06 15 38 37.164  1.500E-02    0.849 F    0.000   -0.191 +27 48 53.95  1.000E-02    0.849 F    0.000    0.194 20.9 G  0.70  -1.64   V 645      0.35 1 1
 469219    O C   2011 04 22.52797       1.000E-05 14 40 26.190  1.500E-01    0.212 F    0.000   -0.122 +30 22 01.90  1.000E-01    0.212 F    0.000   -0.143 21.7 R  0.70   0.50   t F51      0.90 1 1
 469219    O C   2011 04 22.53921       1.000E-05 14 40 23.070  1.500E-01    0.212 F    0.000    0.034 +30 21 56.10  1.000E-01    0.212 F    0.000    0.120 21.6 R  0.70   0.40   t F51      0.60 1 1
 469219    O C   2012 04 26.47052       1.000E-05 14 12 02.270  1.500E-01    0.212 F    0.000    0.237 +30 01 17.00  1.000E-01    0.212 F    0.000   -0.015 20.8 R  0.70  -0.32   t F51      1.19 1 1
 469219    O C   2012 04 26.49317       1.000E-05 14 11 55.260  1.500E-01    0.212 F    0.000   -0.331 +30 00 49.70  1.000E-01    0.212 F    0.000    0.028 20.9 R  0.70  -0.22   t F51      1.67 1 1
 469219    O C   2013 04 20.49763       1.000E-05 14 28 50.160  1.500E-01    0.300 F    0.000    0.337 +32 18 50.50  1.000E-01    0.300 F    0.000   -0.037 20.7 R  0.70  -0.58   t F51      1.15 1 1
 469219    O C   2013 04 20.50841       1.000E-05 14 28 47.090  1.500E-01    0.300 F    0.000    0.374 +32 18 44.60  1.000E-01    0.300 F    0.000   -0.063 20.7 R  0.70  -0.58   t F51      1.29 1 1
 469219    O C   2013 04 20.51836       1.000E-05 14 28 44.260  1.500E-01    0.300 F    0.000    0.381 +32 18 39.00  1.000E-01    0.300 F    0.000   -0.097 21.0 R  0.70  -0.28   t F51      1.34 1 1
 469219    O C   2013 04 20.52796       1.000E-05 14 28 41.510  1.500E-01    0.300 F    0.000    0.059 +32 18 33.50  1.000E-01    0.300 F    0.000   -0.099 20.7 R  0.70  -0.58   t F51      0.39 1 1
 469219    O C   2014 05 06.41527       1.000E-05 13 05 52.200  1.500E-01    0.212 F    0.000    0.320 +26 24 42.60  1.000E-01    0.212 F    0.000    0.111 20.4 R  0.70  -0.87   t F51      1.64 1 1
 469219    O C   2014 05 06.45228       1.000E-05 13 05 42.210  1.500E-01    0.212 F    0.000    0.397 +26 23 04.90  1.000E-01    0.212 F    0.000    0.437 20.4 R  0.70  -0.87   t F51      2.84 1 1
 469219    O C   2015 04 10.44115       1.000E-05 14 42 47.400  1.500E-01    0.212 F    0.000    0.017 +35 29 29.20  1.000E-01    0.212 F    0.000    0.300 22.4 R  0.70   0.80   t F51      1.43 1 1
 469219    O C   2015 04 10.45413       1.000E-05 14 42 44.280  1.500E-01    0.212 F    0.000   -0.274 +35 29 33.80  1.000E-01    0.212 F    0.000    0.133 21.6 R  0.70   0.00   t F51      1.46 1 1
 469219    O C   2016 04 27.31228       1.000E-05 13 10 59.828  1.500E-02    0.260 F    0.214   -0.105 +33 02 34.95  1.000E-02    0.260 F    0.103   -0.195 21.5 w  0.70  -0.19   L F51      0.86 1 1
 469219    O C   2016 04 27.33551       1.000E-05 13 10 53.320  1.500E-02    0.260 F    0.214   -0.142 +33 01 51.40  1.000E-02    0.260 F    0.103   -0.245 21.6 w  0.70  -0.09   L F51      1.09 1 1
 469219    O C   2016 04 27.34720       1.000E-05 13 10 50.033  1.500E-02    0.260 F    0.214   -0.159 +33 01 29.30  1.000E-02    0.260 F    0.103   -0.173 21.4 w  0.70  -0.29   L F51      0.91 1 1
 469219    O C K 2016 04 28.02254       1.000E-05 13 07 58.840  1.500E-01    0.572 F    0.055    0.006 +32 38 28.20  1.000E-01    0.520 F    0.012   -0.185                       q J95      0.36 1 0
 469219    O C K 2016 04 28.03107       1.000E-05 13 07 56.540  1.500E-01    0.572 F    0.055   -0.342 +32 38 10.40  1.000E-01    0.520 F    0.012   -0.131                       q J95      0.65 1 0
 469219    O C K 2016 04 28.04250       1.000E-05 13 07 53.640  1.500E-01    0.572 F    0.055    1.392 +32 37 46.00  1.000E-01    0.520 F    0.012   -0.506 20.7 R  0.70  -0.76   q J95      2.62 1 1
 469219    O C _ 2016 04 28.402594      1.000E-06 13 06 25.473  1.500E-02    0.225 F    0.000   -0.040 +32 26 07.00  1.000E-02    0.225 F    0.000   -0.271 20.9 R  0.70  -0.56   t 568      1.22 1 1
 469219    O C _ 2016 04 28.403631      1.000E-06 13 06 25.182  1.500E-02    0.225 F    0.000   -0.089 +32 26 04.84  1.000E-02    0.225 F    0.000   -0.248 20.8 R  0.70  -0.66   t 568      1.18 1 1
 469219    O C _ 2016 04 28.404666      1.000E-06 13 06 24.901  1.500E-02    0.225 F    0.000   -0.018 +32 26 02.64  1.000E-02    0.225 F    0.000   -0.269 21.0 R  0.70  -0.46   t 568      1.21 1 1
 469219    O C K 2016 04 29.34672       1.000E-05 13 02 33.320  1.500E-01    0.866 F    0.166   -0.663 +31 52 27.90  1.000E-01    0.710 F    0.349   -0.216 21.8 R  0.70   0.33   o 291      0.82 1 1
 469219    O C K 2016 04 29.34984       1.000E-05 13 02 32.480  1.500E-01    0.866 F    0.166   -0.863 +31 52 21.10  1.000E-01    0.710 F    0.349    0.089 21.2 R  0.70  -0.27   o 291      1.00 1 1
 469219    O C K 2016 04 29.35295       1.000E-05 13 02 31.710  1.500E-01    0.866 F    0.166   -0.218 +31 52 14.00  1.000E-01    0.710 F    0.349    0.081 21.1 R  0.70  -0.37   o 291      0.28 1 1
 469219    O C K 2016 04 29.88260       1.000E-05 13 00 28.400  1.500E-01    0.467 F    0.082    0.889 +31 32 32.50  1.000E-01    0.424 F    0.038   -0.546                       q J95      2.30 1 0
 469219    O C K 2016 04 29.91975       1.000E-05 13 00 18.820  1.500E-01    0.467 F    0.082    1.125 +31 31 11.20  1.000E-01    0.424 F    0.038   -0.419 21.4 R  0.70  -0.07   q J95      2.61 1 1
 469219    O C   2016 05 03.18694       1.000E-05 12 47 51.620  1.500E-01    0.866 F    0.254    1.021 +29 21 49.20  1.000E-01    0.710 F    0.143   -0.058 21.8 R  0.70   0.29   o 926      1.18 1 1
 469219    O C   2016 05 03.19239       1.000E-05 12 47 50.160  1.500E-01    0.866 F    0.254   -0.597 +29 21 35.20  1.000E-01    0.710 F    0.143   -0.489 22.7 R  0.70   1.19   o 926      0.98 1 1
 469219    O C   2016 05 03.19783       1.000E-05 12 47 48.830  1.500E-01    0.866 F    0.254   -0.536 +29 21 21.60  1.000E-01    0.710 F    0.143   -0.511 21.3 R  0.70  -0.21   o 926      0.95 1 1
 469219    O C 2 2016 05 03.360084      1.000E-06 12 47 12.389  1.500E-02    0.260 F    0.000    0.034 +29 14 43.99  1.000E-02    0.260 F    0.000    0.006 21.1 R  0.70  -0.42   t 568      0.13 1 1
 469219    O C 2 2016 05 03.360950      1.000E-06 12 47 12.176  1.500E-02    0.260 F    0.000    0.051 +29 14 41.83  1.000E-02    0.260 F    0.000    0.060 21.1 R  0.70  -0.42   t 568      0.31 1 1
 469219    O C 2 2016 05 03.362174      1.000E-06 12 47 11.871  1.500E-02    0.260 F    0.000    0.023 +29 14 38.66  1.000E-02    0.260 F    0.000    0.022 21.1 R  0.70  -0.42   t 568      0.12 1 1
 469219    O C 2 2016 05 03.363200      1.000E-06 12 47 11.619  1.500E-02    0.260 F    0.000    0.047 +29 14 36.06  1.000E-02    0.260 F    0.000    0.049 21.1 R  0.70  -0.42   t 568      0.26 1 1
 469219    O C   2016 05 04.25621       1.000E-05 12 44 03.053  1.500E-02    0.212 F    0.158   -0.188 +28 36 05.88  1.000E-02    0.212 F    0.128    0.067 21.4 w  0.70  -0.37   L F51      0.95 1 1
 469219    O C   2016 05 04.26693       1.000E-05 12 44 00.508  1.500E-02    0.212 F    0.158   -0.264 +28 35 38.63  1.000E-02    0.212 F    0.128   -0.152 21.5 w  0.70  -0.27   L F51      1.45 1 1
 469219    O C 2 2016 05 04.368111      1.000E-06 12 43 36.213  1.500E-02    0.260 F    0.000    0.153 +28 31 17.91  1.000E-02    0.260 F    0.000    0.170 21.7 R  0.70   0.17   t 568      0.89 1 1
 469219    O C 2 2016 05 04.370094      1.000E-06 12 43 35.737  1.500E-02    0.260 F    0.000    0.154 +28 31 12.59  1.000E-02    0.260 F    0.000    0.114 21.1 R  0.70  -0.43   t 568      0.74 1 1
 469219    O C 2 2016 05 04.371853      1.000E-06 12 43 35.305  1.500E-02    0.260 F    0.000    0.024 +28 31 07.89  1.000E-02    0.260 F    0.000    0.088 21.0 R  0.70  -0.53   t 568      0.35 1 1
 469219    O C 2 2016 05 04.373845      1.000E-06 12 43 34.818  1.500E-02    0.260 F    0.000   -0.096 +28 31 02.54  1.000E-02    0.260 F    0.000    0.035 21.1 R  0.70  -0.43   t 568      0.39 1 1
 469219    O C 2 2016 05 05.370216      1.000E-06 12 40 08.456  1.500E-02    0.184 F    0.000    0.070 +27 46 48.44  1.000E-02    0.184 F    0.000    0.041 21.0 R  0.70  -0.55   t 568      0.44 1 1
 469219    O C 2 2016 05 05.370953      1.000E-06 12 40 08.285  1.500E-02    0.184 F    0.000    0.075 +27 46 46.52  1.000E-02    0.184 F    0.000    0.137 20.9 R  0.70  -0.65   t 568      0.86 1 1
 469219    O C   2016 05 06.16638       1.000E-05 12 37 30.800  1.500E-01    0.707 F    0.118    0.613 +27 10 22.00  1.000E-01    0.580 F    0.106   -0.190 21.7 R  0.70   0.13   o 926      0.93 1 1
 469219    O C   2016 05 06.17183       1.000E-05 12 37 29.550  1.500E-01    0.707 F    0.118    0.187 +27 10 07.20  1.000E-01    0.580 F    0.106   -0.198 20.7 R  0.70  -0.87   o 926      0.43 1 1
 469219    O C   2016 05 06.262791      1.000E-06 12 37 08.880  1.500E-01    0.433 F    0.000    0.275 +27 05 53.50  1.000E-01    0.433 F    0.000    0.099 20.6 R  0.70  -0.97   t 705      0.68 1 1
 469219    O C   2016 05 06.263804      1.000E-06 12 37 08.660  1.500E-01    0.433 F    0.000    0.328 +27 05 50.60  1.000E-01    0.433 F    0.000    0.063 20.9 R  0.70  -0.67   t 705      0.77 1 1
 469219    O C   2016 05 06.264816      1.000E-06 12 37 08.390  1.500E-01    0.433 F    0.000   -0.292 +27 05 47.70  1.000E-01    0.433 F    0.000    0.025 20.7 R  0.70  -0.87   t 705      0.68 1 1
 469219    O C 2 2016 05 10.298294      1.000E-06 12 24 55.992  1.500E-02    0.225 F    0.000    0.014 +23 52 20.70  1.000E-02    0.225 F    0.000    0.222 20.9 R  0.70  -0.76   t 568      0.99 1 1
 469219    O C 2 2016 05 10.301855      1.000E-06 12 24 55.293  1.500E-02    0.225 F    0.000   -0.040 +23 52 10.10  1.000E-02    0.225 F    0.000    0.199 21.9 R  0.70   0.24   t 568      0.91 1 1
 469219    O C 2 2016 05 10.303723      1.000E-06 12 24 54.925  1.500E-02    0.225 F    0.000   -0.086 +23 52 04.54  1.000E-02    0.225 F    0.000    0.192 22.2 R  0.70   0.54   t 568      0.94 1 1
 469219    O C 2 2016 05 11.352660      1.000E-06 12 22 02.310  1.500E-02    0.260 F    0.000   -0.240 +22 59 29.53  1.000E-02    0.260 F    0.000   -0.101 22.9 R  0.70   1.21   t 568      1.01 1 1
 469219    O C 2 2016 05 11.353676      1.000E-06 12 22 02.132  1.500E-02    0.260 F    0.000   -0.086 +22 59 26.46  1.000E-02    0.260 F    0.000   -0.054 22.7 R  0.70   1.01   t 568      0.39 1 1
 469219    O C 2 2016 05 11.354907      1.000E-06 12 22 01.897  1.500E-02    0.260 F    0.000   -0.167 +22 59 22.65  1.000E-02    0.260 F    0.000   -0.087 21.7 R  0.70   0.01   t 568      0.73 1 1
 469219    O C 2 2016 05 11.356530      1.000E-06 12 22 01.595  1.500E-02    0.260 F    0.000   -0.167 +22 59 17.58  1.000E-02    0.260 F    0.000   -0.174 21.2 R  0.70  -0.49   t 568      0.94 1 1
 469219    O C 2 2016 05 17.300391      1.000E-06 12 08 21.261  1.500E-02    0.225 F    0.000   -0.083 +17 51 17.63  1.000E-02    0.225 F    0.000    0.028 22.5 R  0.70   0.65   t 568      0.40 1 1
 469219    O C 2 2016 05 17.302657      1.000E-06 12 08 20.935  1.500E-02    0.225 F    0.000   -0.071 +17 51 10.33  1.000E-02    0.225 F    0.000   -0.074 21.9 R  0.70   0.05   t 568      0.46 1 1
 469219    O C 2 2016 05 17.304602      1.000E-06 12 08 20.662  1.500E-02    0.225 F    0.000    0.036 +17 51 04.34  1.000E-02    0.225 F    0.000    0.117 21.9 R  0.70   0.05   t 568      0.55 1 1
 469219    O C 2 2016 05 18.299807      1.000E-06 12 06 26.330  1.500E-02    0.411 F    0.000   -0.138 +16 58 30.82  1.000E-02    0.411 F    0.000   -0.010 21.6 R  0.70  -0.28   t 568      0.34 1 1
 469219    O C 2 2016 05 18.303807      1.000E-06 12 06 25.784  1.500E-02    0.411 F    0.000   -0.073 +16 58 17.98  1.000E-02    0.411 F    0.000   -0.101 21.8 R  0.70  -0.08   t 568      0.31 1 1
 469219    O C 2 2016 05 18.307792      1.000E-06 12 06 25.240  1.500E-02    0.411 F    0.000   -0.017 +16 58 05.39  1.000E-02    0.411 F    0.000    0.020 22.3 R  0.70   0.42   t 568      0.07 1 1
 469219    O C 2 2016 05 18.312078      1.000E-06 12 06 24.639  1.500E-02    0.411 F    0.000   -0.194 +16 57 51.59  1.000E-02    0.411 F    0.000   -0.096 21.4 R  0.70  -0.48   t 568      0.53 1 1
 469219    O C 2 2016 05 18.316153      1.000E-06 12 06 24.085  1.500E-02    0.411 F    0.000   -0.122 +16 57 38.66  1.000E-02    0.411 F    0.000   -0.004 21.7 R  0.70  -0.18   t 568      0.30 1 1
 469219    O C 2 2016 05 18.320106      1.000E-06 12 06 23.532  1.500E-02    0.411 F    0.000   -0.286 +16 57 25.78  1.000E-02    0.411 F    0.000   -0.241 21.3 R  0.70  -0.58   t 568      0.91 1 1
 469219    O C 2 2016 05 18.324126      1.000E-06 12 06 22.992  1.500E-02    0.411 F    0.000   -0.142 +16 57 13.04  1.000E-02    0.411 F    0.000   -0.113 22.2 R  0.70   0.32   t 568      0.44 1 1
 469219    O C 2 2016 05 18.328118      1.000E-06 12 06 22.444  1.500E-02    0.411 F    0.000   -0.180 +16 57 00.23  1.000E-02    0.411 F    0.000   -0.135 22.6 R  0.70   0.72   t 568      0.55 1 1
 469219    O C 2 2016 05 18.332097      1.000E-06 12 06 21.904  1.500E-02    0.411 F    0.000   -0.141 +16 56 47.53  1.000E-02    0.411 F    0.000   -0.077 21.4 R  0.70  -0.48   t 568      0.39 1 1
 469219    O C 2 2016 05 18.336126      1.000E-06 12 06 21.356  1.500E-02    0.411 F    0.000   -0.133 +16 56 34.48  1.000E-02    0.411 F    0.000   -0.199 21.9 R  0.70   0.02   t 568      0.59 1 1
 469219    O C 2 2016 06 10.261645      1.000E-06 11 44 38.345  1.500E-02    0.450 F    0.000    0.077 -02 34 13.77  1.000E-02    0.450 F    0.000   -0.079 22.8 R  0.70   0.18   t 568      0.25 1 1
 469219    O C 2 2016 06 10.265450      1.000E-06 11 44 38.198  1.500E-02    0.450 F    0.000   -0.067 -02 34 24.66  1.000E-02    0.450 F    0.000   -0.114 23.2 R  0.70   0.58   t 568      0.30 1 1
 469219    O C 2 2016 06 10.269243      1.000E-06 11 44 38.071  1.500E-02    0.450 F    0.000    0.070 -02 34 35.32  1.000E-02    0.450 F    0.000    0.045 22.2 R  0.70  -0.42   t 568      0.19 1 1
 469219    O C 2 2016 06 10.273027      1.000E-06 11 44 37.922  1.500E-02    0.450 F    0.000   -0.139 -02 34 46.24  1.000E-02    0.450 F    0.000   -0.084 22.7 R  0.70   0.08   t 568      0.37 1 1
 469219    O C 2 2016 06 10.276873      1.000E-06 11 44 37.787  1.500E-02    0.450 F    0.000   -0.120 -02 34 57.25  1.000E-02    0.450 F    0.000   -0.127 22.2 R  0.70  -0.42   t 568      0.39 1 1
 469219    O C 2 2016 06 10.280639      1.000E-06 11 44 37.654  1.500E-02    0.450 F    0.000   -0.126 -02 35 08.06  1.000E-02    0.450 F    0.000   -0.200 22.7 R  0.70   0.08   t 568      0.53 1 1
 469219    O C 2 2016 06 10.284588      1.000E-06 11 44 37.514  1.500E-02    0.450 F    0.000   -0.157 -02 35 19.32  1.000E-02    0.450 F    0.000   -0.203 23.4 R  0.70   0.78   t 568      0.57 1 1
 469219    O C 2 2016 06 10.288733      1.000E-06 11 44 37.372  1.500E-02    0.450 F    0.000   -0.132 -02 35 31.07  1.000E-02    0.450 F    0.000   -0.138 22.2 R  0.70  -0.42   t 568      0.43 1 1
 469219    O C 2 2016 06 10.292558      1.000E-06 11 44 37.242  1.500E-02    0.450 F    0.000   -0.110 -02 35 41.91  1.000E-02    0.450 F    0.000   -0.078 22.8 R  0.70   0.18   t 568      0.30 1 1
 469219    O C 2 2016 06 10.296297      1.000E-06 11 44 37.110  1.500E-02    0.450 F    0.000   -0.179 -02 35 52.62  1.000E-02    0.450 F    0.000   -0.134 22.2 R  0.70  -0.42   t 568      0.50 1 1
 469219    O C 2 2016 06 10.300056      1.000E-06 11 44 36.986  1.500E-02    0.450 F    0.000   -0.134 -02 36 03.31  1.000E-02    0.450 F    0.000   -0.115 22.7 R  0.70   0.08   t 568      0.40 1 1
 469219    O C 2 2016 06 10.303932      1.000E-06 11 44 36.860  1.500E-02    0.450 F    0.000   -0.078 -02 36 14.34  1.000E-02    0.450 F    0.000   -0.104 23.3 R  0.70   0.68   t 568      0.29 1 1
 469219    O C   2017 03 23.538616      1.000E-06 15 01 42.963  1.500E-02    0.316 F    0.000    0.126 +36 25 44.14  1.000E-02    0.316 F    0.000   -0.070 22.4 G  0.70   0.21   U T12      0.46 1 1
 469219    O C   2017 03 23.540573      1.000E-06 15 01 42.676  1.500E-02    0.316 F    0.000   -0.076 +36 25 46.40  1.000E-02    0.316 F    0.000   -0.004 22.4 G  0.70   0.21   U T12      0.24 1 1
 469219    O C   2017 03 23.542531      1.000E-06 15 01 42.392  1.500E-02    0.316 F    0.000   -0.238 +36 25 48.62  1.000E-02    0.316 F    0.000    0.025 21.7 G  0.70  -0.49   U T12      0.76 1 1
 469219    O C   2017 03 23.544490      1.000E-06 15 01 42.132  1.500E-02    0.316 F    0.000   -0.108 +36 25 50.76  1.000E-02    0.316 F    0.000   -0.022 21.6 G  0.70  -0.59   U T12      0.35 1 1
 469219    O C   2017 03 23.546447      1.000E-06 15 01 41.863  1.500E-02    0.316 F    0.000   -0.089 +36 25 52.92  1.000E-02    0.316 F    0.000   -0.043 22.3 G  0.70   0.11   U T12      0.31 1 1
 469219    O C   2017 03 23.548407      1.000E-06 15 01 41.592  1.500E-02    0.316 F    0.000   -0.088 +36 25 55.14  1.000E-02    0.316 F    0.000   -0.002 22.5 G  0.70   0.31   U T12      0.28 1 1
 469219    O C   2017 03 23.550365      1.000E-06 15 01 41.325  1.500E-02    0.316 F    0.000   -0.042 +36 25 57.31  1.000E-02    0.316 F    0.000   -0.005 22.2 G  0.70   0.01   U T12      0.13 1 1
 469219    O C   2017 03 23.552323      1.000E-06 15 01 41.051  1.500E-02    0.316 F    0.000   -0.080 +36 25 59.47  1.000E-02    0.316 F    0.000   -0.013 22.2 G  0.70   0.01   U T12      0.26 1 1
 469219    O C   2017 03 23.554281      1.000E-06 15 01 40.772  1.500E-02    0.316 F    0.000   -0.177 +36 26 01.66  1.000E-02    0.316 F    0.000    0.013 22.0 G  0.70  -0.19   U T12      0.56 1 1
 469219    O C   2017 03 23.556240      1.000E-06 15 01 40.498  1.500E-02    0.316 F    0.000   -0.212 +36 26 03.83  1.000E-02    0.316 F    0.000    0.023 21.9 G  0.70  -0.29   U T12      0.68 1 1
 469219    O C   2017 03 25.560674      1.000E-06 14 57 36.816  1.500E-02    0.316 F    0.000    0.058 +37 01 48.87  1.000E-02    0.316 F    0.000   -0.014 21.8 G  0.70  -0.33   U T12      0.19 1 1
 469219    O C   2017 03 25.562632      1.000E-06 14 57 36.497  1.500E-02    0.316 F    0.000   -0.102 +37 01 50.87  1.000E-02    0.316 F    0.000   -0.007 22.5 G  0.70   0.37   U T12      0.33 1 1
 469219    O C   2017 03 25.564590      1.000E-06 14 57 36.201  1.500E-02    0.316 F    0.000    0.013 +37 01 52.75  1.000E-02    0.316 F    0.000   -0.116 22.4 G  0.70   0.27   U T12      0.37 1 1
 469219    O C   2017 03 25.566549      1.000E-06 14 57 35.884  1.500E-02    0.316 F    0.000   -0.122 +37 01 54.88  1.000E-02    0.316 F    0.000    0.029 22.0 G  0.70  -0.13   U T12      0.40 1 1
 469219    O C   2017 03 25.568506      1.000E-06 14 57 35.590  1.500E-02    0.316 F    0.000    0.014 +37 01 56.78  1.000E-02    0.316 F    0.000   -0.049 22.3 G  0.70   0.17   U T12      0.16 1 1
 469219    O C   2017 03 25.570464      1.000E-06 14 57 35.279  1.500E-02    0.316 F    0.000   -0.052 +37 01 58.84  1.000E-02    0.316 F    0.000    0.037 22.5 G  0.70   0.37   U T12      0.20 1 1
 469219    O C   2017 03 25.572424      1.000E-06 14 57 34.980  1.500E-02    0.316 F    0.000    0.028 +37 02 00.77  1.000E-02    0.316 F    0.000   -0.005 22.7 G  0.70   0.57   U T12      0.09 1 1
 469219    O C   2017 03 25.574383      1.000E-06 14 57 34.667  1.500E-02    0.316 F    0.000   -0.062 +37 02 02.75  1.000E-02    0.316 F    0.000    0.008 22.6 G  0.70   0.47   U T12      0.20 1 1
 469219    O C   2017 03 25.576340      1.000E-06 14 57 34.360  1.500E-02    0.316 F    0.000   -0.084 +37 02 04.68  1.000E-02    0.316 F    0.000   -0.021 22.0 G  0.70  -0.13   U T12      0.28 1 1
 469219    O C   2017 03 25.578301      1.000E-06 14 57 34.056  1.500E-02    0.316 F    0.000   -0.064 +37 02 06.67  1.000E-02    0.316 F    0.000    0.010 21.6 G  0.70  -0.53   U T12      0.21 1 1
 469219    O C   2017 03 29.516368      1.000E-06 14 47 55.347  1.500E-02    0.316 F    0.000   -0.070 +38 04 18.44  1.000E-02    0.316 F    0.000    0.009 22.4 G  0.70   0.38   U T12      0.22 1 1
 469219    O C   2017 03 29.518328      1.000E-06 14 47 54.964  1.500E-02    0.316 F    0.000   -0.155 +38 04 20.20  1.000E-02    0.316 F    0.000    0.078 21.9 G  0.70  -0.12   U T12      0.55 1 1
 469219    O C   2017 03 29.520287      1.000E-06 14 47 54.603  1.500E-02    0.316 F    0.000    0.018 +38 04 21.74  1.000E-02    0.316 F    0.000   -0.068 21.8 G  0.70  -0.22   U T12      0.23 1 1
 469219    O C   2017 03 29.522245      1.000E-06 14 47 54.221  1.500E-02    0.316 F    0.000   -0.058 +38 04 23.53  1.000E-02    0.316 F    0.000    0.041 22.5 G  0.70   0.48   U T12      0.23 1 1
 469219    O C   2017 03 29.524204      1.000E-06 14 47 53.846  1.500E-02    0.316 F    0.000   -0.049 +38 04 25.20  1.000E-02    0.316 F    0.000    0.036 22.1 G  0.70   0.08   U T12      0.19 1 1
 469219    O C   2017 03 29.526164      1.000E-06 14 47 53.470  1.500E-02    0.316 F    0.000   -0.048 +38 04 26.79  1.000E-02    0.316 F    0.000   -0.046 22.9 G  0.70   0.88   U T12      0.21 1 1
 469219    O C   2017 03 29.528124      1.000E-06 14 47 53.093  1.500E-02    0.316 F    0.000   -0.059 +38 04 28.54  1.000E-02    0.316 F    0.000    0.037 22.4 G  0.70   0.38   U T12      0.22 1 1
 469219    O C   2017 03 29.530080      1.000E-06 14 47 52.720  1.500E-02    0.316 F    0.000   -0.031 +38 04 30.16  1.000E-02    0.316 F    0.000   -0.001 21.6 G  0.70  -0.42   U T12      0.10 1 1
 469219    O C   2017 03 29.532037      1.000E-06 14 47 52.336  1.500E-02    0.316 F    0.000   -0.130 +38 04 31.81  1.000E-02    0.316 F    0.000   -0.005 21.7 G  0.70  -0.32   U T12      0.41 1 1
 469219    O C   2017 03 29.533995      1.000E-06 14 47 51.967  1.500E-02    0.316 F    0.000   -0.050 +38 04 33.45  1.000E-02    0.316 F    0.000   -0.015 22.2 G  0.70   0.18   U T12      0.16 1 1
 469219    O C   2017 03 30.521764      1.000E-06 14 45 05.564  1.500E-02    0.316 F    0.000    0.028 +38 18 01.25  1.000E-02    0.316 F    0.000   -0.061 21.8 G  0.70  -0.20   U T12      0.21 1 1
 469219    O C   2017 03 30.523722      1.000E-06 14 45 05.153  1.500E-02    0.316 F    0.000   -0.185 +38 18 02.90  1.000E-02    0.316 F    0.000    0.041 22.3 G  0.70   0.30   U T12      0.60 1 1
 469219    O C   2017 03 30.525682      1.000E-06 14 45 04.789  1.500E-02    0.316 F    0.000    0.162 +38 18 04.40  1.000E-02    0.316 F    0.000   -0.003 22.5 G  0.70   0.50   U T12      0.51 1 1
 469219    O C   2017 03 30.527639      1.000E-06 14 45 04.368  1.500E-02    0.316 F    0.000   -0.170 +38 18 06.02  1.000E-02    0.316 F    0.000    0.080 22.1 G  0.70   0.10   U T12      0.60 1 1
 469219    O C   2017 03 30.529598      1.000E-06 14 45 03.990  1.500E-02    0.316 F    0.000    0.010 +38 18 07.45  1.000E-02    0.316 F    0.000   -0.023 21.6 G  0.70  -0.39   U T12      0.08 1 1
 469219    O C   2017 03 30.531557      1.000E-06 14 45 03.584  1.500E-02    0.316 F    0.000   -0.140 +38 18 09.08  1.000E-02    0.316 F    0.000    0.078 22.2 G  0.70   0.21   U T12      0.51 1 1
 469219    O C   2017 03 30.533514      1.000E-06 14 45 03.217  1.500E-02    0.316 F    0.000    0.165 +38 18 10.53  1.000E-02    0.316 F    0.000    0.007 23.0 G  0.70   1.01   U T12      0.52 1 1
 469219    O C   2017 03 30.535472      1.000E-06 14 45 02.807  1.500E-02    0.316 F    0.000   -0.034 +38 18 12.00  1.000E-02    0.316 F    0.000   -0.040 22.1 G  0.70   0.11   U T12      0.17 1 1
 469219    O C   2017 03 30.537431      1.000E-06 14 45 02.400  1.500E-02    0.316 F    0.000   -0.196 +38 18 13.61  1.000E-02    0.316 F    0.000    0.057 21.9 G  0.70  -0.09   U T12      0.65 1 1
 469219    O C   2017 03 30.539389      1.000E-06 14 45 02.035  1.500E-02    0.316 F    0.000    0.134 +38 18 14.94  1.000E-02    0.316 F    0.000   -0.120 22.1 G  0.70   0.11   U T12      0.57 1 1
 469219    O C   2017 03 31.518450      1.000E-06 14 42 09.023  1.500E-02    0.316 F    0.000   -0.073 +38 30 35.01  1.000E-02    0.316 F    0.000    0.029 21.9 G  0.70  -0.07   U T12      0.25 1 1
 469219    O C   2017 03 31.520443      1.000E-06 14 42 08.609  1.500E-02    0.316 F    0.000   -0.035 +38 30 36.40  1.000E-02    0.316 F    0.000   -0.025 22.9 G  0.70   0.93   U T12      0.14 1 1
 469219    O C   2017 03 31.522406      1.000E-06 14 42 08.195  1.500E-02    0.316 F    0.000   -0.069 +38 30 37.84  1.000E-02    0.316 F    0.000   -0.002 22.6 G  0.70   0.63   U T12      0.22 1 1
 469219    O C   2017 03 31.524365      1.000E-06 14 42 07.788  1.500E-02    0.316 F    0.000   -0.031 +38 30 39.16  1.000E-02    0.316 F    0.000   -0.090 22.5 G  0.70   0.53   U T12      0.30 1 1
 469219    O C   2017 03 31.526325      1.000E-06 14 42 07.375  1.500E-02    0.316 F    0.000   -0.061 +38 30 40.59  1.000E-02    0.316 F    0.000   -0.064 21.8 G  0.70  -0.17   U T12      0.28 1 1
 469219    O C   2017 03 31.528286      1.000E-06 14 42 06.966  1.500E-02    0.316 F    0.000   -0.042 +38 30 42.04  1.000E-02    0.316 F    0.000   -0.013 21.7 G  0.70  -0.27   U T12      0.14 1 1
 469219    O C   2017 03 31.530245      1.000E-06 14 42 06.560  1.500E-02    0.316 F    0.000    0.008 +38 30 43.42  1.000E-02    0.316 F    0.000   -0.026 22.0 G  0.70   0.03   U T12      0.09 1 1
 469219    O C   2017 03 31.532204      1.000E-06 14 42 06.144  1.500E-02    0.316 F    0.000   -0.060 +38 30 44.81  1.000E-02    0.316 F    0.000   -0.024 22.3 G  0.70   0.33   U T12      0.20 1 1
 469219    O C   2017 03 31.534164      1.000E-06 14 42 05.736  1.500E-02    0.316 F    0.000   -0.031 +38 30 46.19  1.000E-02    0.316 F    0.000   -0.027 21.6 G  0.70  -0.37   U T12      0.13 1 1
 469219    O C   2017 03 31.536126      1.000E-06 14 42 05.334  1.500E-02    0.316 F    0.000    0.072 +38 30 47.59  1.000E-02    0.316 F    0.000   -0.006 21.6 G  0.70  -0.37   U T12      0.23 1 1
 469219    O C   2017 04 01.555711      1.000E-06 14 38 55.409  1.500E-02    0.332 F    0.000   -0.065 +38 42 27.40  1.000E-02    0.332 F    0.000   -0.032 22.0 G  0.70   0.06   U T12      0.22 1 1
 469219    O C   2017 04 01.558007      1.000E-06 14 38 54.915  1.500E-02    0.332 F    0.000   -0.009 +38 42 28.79  1.000E-02    0.332 F    0.000   -0.013 22.1 G  0.70   0.16   U T12      0.05 1 1
 469219    O C   2017 04 01.559964      1.000E-06 14 38 54.496  1.500E-02    0.332 F    0.000    0.060 +38 42 29.91  1.000E-02    0.332 F    0.000   -0.056 22.1 G  0.70   0.16   U T12      0.25 1 1
 469219    O C   2017 04 01.561922      1.000E-06 14 38 54.057  1.500E-02    0.332 F    0.000   -0.103 +38 42 31.14  1.000E-02    0.332 F    0.000    0.015 22.1 G  0.70   0.16   U T12      0.32 1 1
 469219    O C   2017 04 01.563880      1.000E-06 14 38 53.638  1.500E-02    0.332 F    0.000   -0.035 +38 42 32.26  1.000E-02    0.332 F    0.000   -0.018 21.6 G  0.70  -0.34   U T12      0.12 1 1
 469219    O C   2017 04 01.565846      1.000E-06 14 38 53.217  1.500E-02    0.332 F    0.000    0.028 +38 42 33.41  1.000E-02    0.332 F    0.000   -0.021 21.7 G  0.70  -0.24   U T12      0.11 1 1
 469219    O C   2017 04 01.567806      1.000E-06 14 38 52.794  1.500E-02    0.332 F    0.000    0.051 +38 42 34.64  1.000E-02    0.332 F    0.000    0.064 22.8 G  0.70   0.86   U T12      0.25 1 1
 469219    O C   2017 04 01.569764      1.000E-06 14 38 52.365  1.500E-02    0.332 F    0.000   -0.005 +38 42 35.68  1.000E-02    0.332 F    0.000   -0.034 22.2 G  0.70   0.26   U T12      0.10 1 1
 469219    O C   2017 04 01.571721      1.000E-06 14 38 51.935  1.500E-02    0.332 F    0.000   -0.076 +38 42 36.87  1.000E-02    0.332 F    0.000    0.023 21.7 G  0.70  -0.24   U T12      0.24 1 1
 469219    O C   2017 04 01.573681      1.000E-06 14 38 51.520  1.500E-02    0.332 F    0.000    0.033 +38 42 37.94  1.000E-02    0.332 F    0.000   -0.036 21.9 G  0.70  -0.04   U T12      0.15 1 1
 469219    O C   2017 04 01.575638      1.000E-06 14 38 51.092  1.500E-02    0.332 F    0.000   -0.020 +38 42 39.11  1.000E-02    0.332 F    0.000    0.011 22.0 G  0.70   0.06   U T12      0.07 1 1
 469219    O C K 2017 04 16.249120      1.000E-06 13 41 05.080  1.500E-01    0.572 F   -0.017   -0.142 +38 34 12.30  1.000E-01    0.520 F    0.012   -0.036 22.1 V  0.70   0.13   u H21      0.26 1 1
 469219    O C K 2017 04 16.253168      1.000E-06 13 41 03.920  1.500E-01    0.572 F   -0.017    0.057 +38 34 09.00  1.000E-01    0.520 F    0.012    0.097 21.8 V  0.70  -0.17   u H21      0.21 1 1
 469219    O C K 2017 04 16.263279      1.000E-06 13 41 00.970  1.500E-01    0.572 F   -0.017   -0.071 +38 34 00.10  1.000E-01    0.520 F    0.012   -0.135 22.0 V  0.70   0.03   u H21      0.29 1 1
 469219    O C K 2017 04 21.262099      1.000E-06 13 18 58.290  1.500E-01    0.572 F   -0.029    0.055 +36 58 00.90  1.000E-01    0.520 F    0.011    0.499 22.0 V  0.70   0.05   u H21      0.97 1 1
 469219    O C K 2017 04 21.275384      1.000E-06 13 18 54.490  1.500E-01    0.572 F   -0.029   -0.092 +36 57 40.50  1.000E-01    0.520 F    0.011    0.246 22.1 V  0.70   0.15   u H21      0.50 1 1
 469219    O C K 2017 04 21.291572      1.000E-06 13 18 49.880  1.500E-01    0.572 F   -0.029   -0.200 +36 57 15.40  1.000E-01    0.520 F    0.011   -0.018 22.4 V  0.70   0.45   u H21      0.35 1 1
 469219    O C K 2017 04 25.184160      1.000E-06 13 02 22.870  1.500E-01    0.572 F   -0.052    0.190 +35 07 37.10  1.000E-01    0.520 F   -0.049    0.478 22.0 V  0.70   0.03   u H21      0.98 1 1
 469219    O C K 2017 04 25.193098      1.000E-06 13 02 20.430  1.500E-01    0.572 F   -0.052   -0.036 +35 07 20.20  1.000E-01    0.520 F   -0.049    0.613 22.1 V  0.70   0.13   u H21      1.18 1 1
 469219    O C K 2017 04 25.206295      1.000E-06 13 02 16.870  1.500E-01    0.572 F   -0.052    0.147 +35 06 54.90  1.000E-01    0.520 F   -0.049    0.643 22.0 V  0.70   0.03   u H21      1.26 1 1
 469219    O C   2017 04 26.403688      1.000E-06 12 57 25.842  1.500E-02    0.592 F    0.000    0.074 +34 27 44.11  1.000E-02    0.592 F    0.000    0.052 21.6 G  0.70  -0.10   U T12      0.15 1 1
 469219    O C   2017 04 26.404604      1.000E-06 12 57 25.584  1.500E-02    0.592 F    0.000   -0.066 +34 27 42.12  1.000E-02    0.592 F    0.000   -0.032 21.8 G  0.70   0.10   U T12      0.12 1 1
 469219    O C   2017 04 26.405525      1.000E-06 12 57 25.341  1.500E-02    0.592 F    0.000   -0.005 +34 27 40.30  1.000E-02    0.592 F    0.000    0.066 22.0 G  0.70   0.30   U T12      0.11 1 1
 469219    O C   2017 04 26.406448      1.000E-06 12 57 25.090  1.500E-02    0.592 F    0.000   -0.036 +34 27 38.34  1.000E-02    0.592 F    0.000    0.030 22.5 G  0.70   0.80   U T12      0.08 1 1
 469219    O C   2017 04 26.407370      1.000E-06 12 57 24.845  1.500E-02    0.592 F    0.000    0.003 +34 27 36.49  1.000E-02    0.592 F    0.000    0.102 22.2 G  0.70   0.50   U T12      0.17 1 1
 469219    O C   2017 04 26.408292      1.000E-06 12 57 24.601  1.500E-02    0.592 F    0.000    0.054 +34 27 34.54  1.000E-02    0.592 F    0.000    0.075 22.6 G  0.70   0.90   U T12      0.16 1 1
 469219    O C   2017 04 26.409211      1.000E-06 12 57 24.349  1.500E-02    0.592 F    0.000   -0.004 +34 27 32.57  1.000E-02    0.592 F    0.000    0.024 22.3 G  0.70   0.60   U T12      0.04 1 1
 469219    O C   2017 04 26.410140      1.000E-06 12 57 24.102  1.500E-02    0.592 F    0.000    0.032 +34 27 30.65  1.000E-02    0.592 F    0.000    0.045 21.8 G  0.70   0.10   U T12      0.09 1 1
 469219    O C   2017 04 26.411057      1.000E-06 12 57 23.858  1.500E-02    0.592 F    0.000    0.066 +34 27 28.76  1.000E-02    0.592 F    0.000    0.071 21.5 G  0.70  -0.20   U T12      0.16 1 1
 469219    O C   2017 04 26.411978      1.000E-06 12 57 23.604  1.500E-02    0.592 F    0.000   -0.012 +34 27 26.76  1.000E-02    0.592 F    0.000   -0.002 21.2 G  0.70  -0.50   U T12      0.02 1 1
 469219    O C   2017 04 26.412891      1.000E-06 12 57 23.358  1.500E-02    0.592 F    0.000   -0.018 +34 27 24.96  1.000E-02    0.592 F    0.000    0.108 21.4 G  0.70  -0.30   U T12      0.19 1 1
 469219    O C   2017 04 26.413808      1.000E-06 12 57 23.116  1.500E-02    0.592 F    0.000    0.038 +34 27 22.99  1.000E-02    0.592 F    0.000    0.059 21.5 G  0.70  -0.20   U T12      0.12 1 1
 469219    O C   2017 04 26.414723      1.000E-06 12 57 22.867  1.500E-02    0.592 F    0.000    0.001 +34 27 21.10  1.000E-02    0.592 F    0.000    0.086 21.6 G  0.70  -0.10   U T12      0.15 1 1
 469219    O C   2017 04 26.415640      1.000E-06 12 57 22.619  1.500E-02    0.592 F    0.000   -0.018 +34 27 19.08  1.000E-02    0.592 F    0.000   -0.012 21.8 G  0.70   0.10   U T12      0.04 1 1
 469219    O C   2017 04 26.416561      1.000E-06 12 57 22.370  1.500E-02    0.592 F    0.000   -0.037 +34 27 17.24  1.000E-02    0.592 F    0.000    0.081 21.8 G  0.70   0.10   U T12      0.15 1 1
 469219    O C   2017 04 26.417478      1.000E-06 12 57 22.124  1.500E-02    0.592 F    0.000   -0.032 +34 27 15.25  1.000E-02    0.592 F    0.000    0.016 21.7 G  0.70   0.00   U T12      0.06 1 1
 469219    O C   2017 04 26.418396      1.000E-06 12 57 21.876  1.500E-02    0.592 F    0.000   -0.050 +34 27 13.28  1.000E-02    0.592 F    0.000   -0.026 21.4 G  0.70  -0.30   U T12      0.09 1 1
 469219    O C   2017 04 26.419312      1.000E-06 12 57 21.634  1.500E-02    0.592 F    0.000    0.000 +34 27 11.42  1.000E-02    0.592 F    0.000    0.039 21.2 G  0.70  -0.50   U T12      0.07 1 1
 469219    O C   2017 04 26.420233      1.000E-06 12 57 21.387  1.500E-02    0.592 F    0.000    0.004 +34 27 09.49  1.000E-02    0.592 F    0.000    0.046 21.1 G  0.70  -0.60   U T12      0.08 1 1
 469219    O C   2017 04 26.421149      1.000E-06 12 57 21.143  1.500E-02    0.592 F    0.000    0.027 +34 27 07.59  1.000E-02    0.592 F    0.000    0.074 21.2 G  0.70  -0.50   U T12      0.13 1 1
 469219    O C   2017 04 26.422066      1.000E-06 12 57 20.895  1.500E-02    0.592 F    0.000    0.004 +34 27 05.66  1.000E-02    0.592 F    0.000    0.075 21.5 G  0.70  -0.20   U T12      0.13 1 1
 469219    O C   2017 04 26.422987      1.000E-06 12 57 20.642  1.500E-02    0.592 F    0.000   -0.068 +34 27 03.65  1.000E-02    0.592 F    0.000    0.005 22.1 G  0.70   0.40   U T12      0.12 1 1
 469219    O C   2017 04 26.423904      1.000E-06 12 57 20.401  1.500E-02    0.592 F    0.000   -0.006 +34 27 01.74  1.000E-02    0.592 F    0.000    0.028 22.8 G  0.70   1.10   U T12      0.05 1 1
 469219    O C   2017 04 26.424830      1.000E-06 12 57 20.158  1.500E-02    0.592 F    0.000    0.061 +34 26 59.80  1.000E-02    0.592 F    0.000    0.042 22.4 G  0.70   0.70   U T12      0.12 1 1
 469219    O C   2017 04 26.425747      1.000E-06 12 57 19.915  1.500E-02    0.592 F    0.000    0.097 +34 26 57.87  1.000E-02    0.592 F    0.000    0.047 22.1 G  0.70   0.40   U T12      0.18 1 1
 469219    O C   2017 04 26.426661      1.000E-06 12 57 19.663  1.500E-02    0.592 F    0.000    0.011 +34 26 55.93  1.000E-02    0.592 F    0.000    0.038 22.6 G  0.70   0.90   U T12      0.07 1 1
 469219    O C   2017 04 26.427581      1.000E-06 12 57 19.428  1.500E-02    0.592 F    0.000    0.155 +34 26 53.96  1.000E-02    0.592 F    0.000    0.012 22.3 G  0.70   0.60   U T12      0.26 1 1
 469219    O C   2017 04 26.428503      1.000E-06 12 57 19.166  1.500E-02    0.592 F    0.000   -0.030 +34 26 51.98  1.000E-02    0.592 F    0.000   -0.018 22.4 G  0.70   0.70   U T12      0.06 1 1
 469219    O C   2017 04 26.429420      1.000E-06 12 57 18.919  1.500E-02    0.592 F    0.000   -0.046 +34 26 50.07  1.000E-02    0.592 F    0.000    0.012 21.8 G  0.70   0.10   U T12      0.08 1 1
 469219    O C   2017 04 26.430337      1.000E-06 12 57 18.680  1.500E-02    0.592 F    0.000    0.036 +34 26 48.19  1.000E-02    0.592 F    0.000    0.073 21.4 G  0.70  -0.30   U T12      0.14 1 1
 469219    O C   2017 04 26.431252      1.000E-06 12 57 18.431  1.500E-02    0.592 F    0.000   -0.012 +34 26 46.21  1.000E-02    0.592 F    0.000    0.031 21.1 G  0.70  -0.60   U T12      0.06 1 1
 469219    O C   2017 04 26.432169      1.000E-06 12 57 18.190  1.500E-02    0.592 F    0.000    0.043 +34 26 44.32  1.000E-02    0.592 F    0.000    0.085 21.2 G  0.70  -0.50   U T12      0.16 1 1
 469219    O C   2017 04 26.433086      1.000E-06 12 57 17.941  1.500E-02    0.592 F    0.000    0.000 +34 26 42.37  1.000E-02    0.592 F    0.000    0.080 21.3 G  0.70  -0.40   U T12      0.14 1 1
 469219    O C   2017 04 26.434009      1.000E-06 12 57 17.695  1.500E-02    0.592 F    0.000    0.012 +34 26 40.34  1.000E-02    0.592 F    0.000    0.009 21.7 G  0.70   0.00   U T12      0.03 1 1
 469219    O C   2017 04 26.434925      1.000E-06 12 57 17.447  1.500E-02    0.592 F    0.000   -0.024 +34 26 38.44  1.000E-02    0.592 F    0.000    0.054 21.9 G  0.70   0.20   U T12      0.10 1 1
 469219    O C   2017 04 27.419618      1.000E-06 12 53 25.065  1.500E-02    0.592 F    0.000    0.015 +33 52 12.99  1.000E-02    0.592 F    0.000    0.006 21.4 G  0.70  -0.31   U T12      0.03 1 1
 469219    O C   2017 04 27.420531      1.000E-06 12 53 24.825  1.500E-02    0.592 F    0.000    0.006 +33 52 10.97  1.000E-02    0.592 F    0.000    0.006 21.5 G  0.70  -0.21   U T12      0.01 1 1
 469219    O C   2017 04 27.421448      1.000E-06 12 53 24.589  1.500E-02    0.592 F    0.000    0.060 +33 52 09.04  1.000E-02    0.592 F    0.000    0.105 21.7 G  0.70  -0.01   U T12      0.21 1 1
 469219    O C   2017 04 27.422363      1.000E-06 12 53 24.344  1.500E-02    0.592 F    0.000   -0.005 +33 52 06.95  1.000E-02    0.592 F    0.000    0.042 21.9 G  0.70   0.19   U T12      0.07 1 1
 469219    O C   2017 04 27.423280      1.000E-06 12 53 24.100  1.500E-02    0.592 F    0.000   -0.053 +33 52 04.91  1.000E-02    0.592 F    0.000    0.034 21.8 G  0.70   0.09   U T12      0.11 1 1
 469219    O C   2017 04 27.424197      1.000E-06 12 53 23.873  1.500E-02    0.592 F    0.000    0.111 +33 52 02.87  1.000E-02    0.592 F    0.000    0.027 21.5 G  0.70  -0.21   U T12      0.19 1 1
 469219    O C   2017 04 27.425116      1.000E-06 12 53 23.626  1.500E-02    0.592 F    0.000    0.032 +33 52 00.86  1.000E-02    0.592 F    0.000    0.055 21.5 G  0.70  -0.21   U T12      0.11 1 1
 469219    O C   2017 04 27.426032      1.000E-06 12 53 23.384  1.500E-02    0.592 F    0.000    0.004 +33 51 58.82  1.000E-02    0.592 F    0.000    0.048 21.5 G  0.70  -0.21   U T12      0.08 1 1
 469219    O C   2017 04 27.426949      1.000E-06 12 53 23.151  1.500E-02    0.592 F    0.000    0.091 +33 51 56.79  1.000E-02    0.592 F    0.000    0.055 21.6 G  0.70  -0.11   U T12      0.18 1 1
 469219    O C   2017 04 27.427865      1.000E-06 12 53 22.900  1.500E-02    0.592 F    0.000   -0.051 +33 51 54.73  1.000E-02    0.592 F    0.000    0.030 21.6 G  0.70  -0.11   U T12      0.10 1 1
 469219    O C   2017 04 27.428784      1.000E-06 12 53 22.665  1.500E-02    0.592 F    0.000    0.016 +33 51 52.69  1.000E-02    0.592 F    0.000    0.033 21.5 G  0.70  -0.21   U T12      0.06 1 1
 469219    O C   2017 04 27.429700      1.000E-06 12 53 22.428  1.500E-02    0.592 F    0.000    0.047 +33 51 50.71  1.000E-02    0.592 F    0.000    0.091 21.5 G  0.70  -0.21   U T12      0.17 1 1
 469219    O C   2017 04 27.430616      1.000E-06 12 53 22.191  1.500E-02    0.592 F    0.000    0.078 +33 51 48.62  1.000E-02    0.592 F    0.000    0.039 21.8 G  0.70   0.09   U T12      0.15 1 1
 469219    O C   2017 04 27.431534      1.000E-06 12 53 21.942  1.500E-02    0.592 F    0.000   -0.035 +33 51 46.56  1.000E-02    0.592 F    0.000    0.023 21.9 G  0.70   0.19   U T12      0.07 1 1
 469219    O C   2017 04 27.432449      1.000E-06 12 53 21.709  1.500E-02    0.592 F    0.000    0.041 +33 51 44.54  1.000E-02    0.592 F    0.000    0.042 22.3 G  0.70   0.59   U T12      0.10 1 1
 469219    O C   2017 04 27.433366      1.000E-06 12 53 21.465  1.500E-02    0.592 F    0.000   -0.015 +33 51 42.61  1.000E-02    0.592 F    0.000    0.156 22.1 G  0.70   0.39   U T12      0.27 1 1
 469219    O C   2017 04 27.434293      1.000E-06 12 53 21.217  1.500E-02    0.592 F    0.000   -0.089 +33 51 40.47  1.000E-02    0.592 F    0.000    0.084 22.4 G  0.70   0.69   U T12      0.21 1 1
 469219    O C   2017 04 27.435209      1.000E-06 12 53 20.993  1.500E-02    0.592 F    0.000    0.099 +33 51 38.44  1.000E-02    0.592 F    0.000    0.098 21.9 G  0.70   0.19   U T12      0.24 1 1
 469219    O C   2017 04 27.436125      1.000E-06 12 53 20.748  1.500E-02    0.592 F    0.000    0.025 +33 51 36.30  1.000E-02    0.592 F    0.000    0.004 21.4 G  0.70  -0.31   U T12      0.04 1 1
 469219    O C   2017 04 27.437042      1.000E-06 12 53 20.503  1.500E-02    0.592 F    0.000   -0.046 +33 51 34.29  1.000E-02    0.592 F    0.000    0.042 21.1 G  0.70  -0.61   U T12      0.11 1 1
 469219    O C   2017 04 27.437958      1.000E-06 12 53 20.267  1.500E-02    0.592 F    0.000   -0.010 +33 51 32.25  1.000E-02    0.592 F    0.000    0.050 21.2 G  0.70  -0.51   U T12      0.09 1 1
 469219    O C   2017 04 27.438874      1.000E-06 12 53 20.034  1.500E-02    0.592 F    0.000    0.063 +33 51 30.22  1.000E-02    0.592 F    0.000    0.068 21.4 G  0.70  -0.31   U T12      0.16 1 1
 469219    O C   2017 04 27.439791      1.000E-06 12 53 19.800  1.500E-02    0.592 F    0.000    0.126 +33 51 28.18  1.000E-02    0.592 F    0.000    0.080 21.7 G  0.70  -0.01   U T12      0.25 1 1
 469219    O C   2017 04 27.440709      1.000E-06 12 53 19.559  1.500E-02    0.592 F    0.000    0.103 +33 51 26.13  1.000E-02    0.592 F    0.000    0.086 21.7 G  0.70  -0.01   U T12      0.23 1 1
 469219    O C   2017 04 27.441623      1.000E-06 12 53 19.313  1.500E-02    0.592 F    0.000    0.005 +33 51 24.03  1.000E-02    0.592 F    0.000    0.033 21.6 G  0.70  -0.11   U T12      0.06 1 1
 469219    O C   2017 04 27.442543      1.000E-06 12 53 19.072  1.500E-02    0.592 F    0.000   -0.012 +33 51 21.96  1.000E-02    0.592 F    0.000    0.025 21.7 G  0.70  -0.01   U T12      0.05 1 1
 469219    O C   2017 04 27.443458      1.000E-06 12 53 18.831  1.500E-02    0.592 F    0.000   -0.047 +33 51 19.93  1.000E-02    0.592 F    0.000    0.047 21.7 G  0.70  -0.01   U T12      0.11 1 1
 469219    O C   2017 04 27.444377      1.000E-06 12 53 18.606  1.500E-02    0.592 F    0.000    0.130 +33 51 17.88  1.000E-02    0.592 F    0.000    0.058 21.6 G  0.70  -0.11   U T12      0.24 1 1
 469219    O C   2017 04 27.445295      1.000E-06 12 53 18.347  1.500E-02    0.592 F    0.000   -0.121 +33 51 15.81  1.000E-02    0.592 F    0.000    0.049 21.6 G  0.70  -0.11   U T12      0.22 1 1
 469219    O C   2017 04 27.446226      1.000E-06 12 53 18.118  1.500E-02    0.592 F    0.000    0.042 +33 51 13.76  1.000E-02    0.592 F    0.000    0.090 21.6 G  0.70  -0.11   U T12      0.17 1 1
 469219    O C   2017 04 27.447142      1.000E-06 12 53 17.884  1.500E-02    0.592 F    0.000    0.094 +33 51 11.62  1.000E-02    0.592 F    0.000    0.009 21.8 G  0.70   0.09   U T12      0.16 1 1
 469219    O C   2017 04 27.448059      1.000E-06 12 53 17.637  1.500E-02    0.592 F    0.000   -0.013 +33 51 09.52  1.000E-02    0.592 F    0.000   -0.030 21.5 G  0.70  -0.21   U T12      0.06 1 1
 469219    O C   2017 04 27.448976      1.000E-06 12 53 17.395  1.500E-02    0.592 F    0.000   -0.060 +33 51 07.53  1.000E-02    0.592 F    0.000    0.043 21.6 G  0.70  -0.11   U T12      0.12 1 1
 469219    O C   2017 04 27.449891      1.000E-06 12 53 17.173  1.500E-02    0.592 F    0.000    0.135 +33 51 05.50  1.000E-02    0.592 F    0.000    0.072 21.5 G  0.70  -0.21   U T12      0.26 1 1
 469219    O C   2017 04 27.450808      1.000E-06 12 53 16.924  1.500E-02    0.592 F    0.000   -0.001 +33 51 03.42  1.000E-02    0.592 F    0.000    0.057 21.9 G  0.70   0.19   U T12      0.10 1 1
 469219    O C   2017 04 28.416490      1.000E-06 12 49 35.474  1.500E-02    0.500 F    0.000   -0.009 +33 15 42.43  1.000E-02    0.500 F    0.000    0.061 21.3 G  0.70  -0.42   U T12      0.12 1 1
 469219    O C   2017 04 28.417406      1.000E-06 12 49 35.244  1.500E-02    0.500 F    0.000    0.042 +33 15 40.29  1.000E-02    0.500 F    0.000    0.038 21.1 G  0.70  -0.62   U T12      0.11 1 1
 469219    O C   2017 04 28.418331      1.000E-06 12 49 35.005  1.500E-02    0.500 F    0.000    0.008 +33 15 38.14  1.000E-02    0.500 F    0.000    0.027 21.3 G  0.70  -0.42   U T12      0.06 1 1
 469219    O C   2017 04 28.419256      1.000E-06 12 49 34.776  1.500E-02    0.500 F    0.000    0.099 +33 15 36.10  1.000E-02    0.500 F    0.000    0.127 21.7 G  0.70  -0.02   U T12      0.32 1 1
 469219    O C   2017 04 28.420172      1.000E-06 12 49 34.539  1.500E-02    0.500 F    0.000    0.060 +33 15 33.88  1.000E-02    0.500 F    0.000    0.027 22.2 G  0.70   0.48   U T12      0.13 1 1
 469219    O C   2017 04 28.421088      1.000E-06 12 49 34.301  1.500E-02    0.500 F    0.000    0.007 +33 15 31.84  1.000E-02    0.500 F    0.000    0.109 22.5 G  0.70   0.78   U T12      0.22 1 1
 469219    O C   2017 04 28.422005      1.000E-06 12 49 34.062  1.500E-02    0.500 F    0.000   -0.055 +33 15 29.60  1.000E-02    0.500 F    0.000   -0.006 22.3 G  0.70   0.58   U T12      0.11 1 1
 469219    O C   2017 04 28.422921      1.000E-06 12 49 33.836  1.500E-02    0.500 F    0.000    0.041 +33 15 27.56  1.000E-02    0.500 F    0.000    0.077 21.8 G  0.70   0.08   U T12      0.18 1 1
 469219    O C   2017 04 28.423838      1.000E-06 12 49 33.606  1.500E-02    0.500 F    0.000    0.090 +33 15 25.42  1.000E-02    0.500 F    0.000    0.064 21.7 G  0.70  -0.02   U T12      0.22 1 1
 469219    O C   2017 04 28.424755      1.000E-06 12 49 33.370  1.500E-02    0.500 F    0.000    0.063 +33 15 23.31  1.000E-02    0.500 F    0.000    0.082 21.5 G  0.70  -0.22   U T12      0.21 1 1
 469219    O C   2017 04 28.425677      1.000E-06 12 49 33.133  1.500E-02    0.500 F    0.000    0.038 +33 15 21.17  1.000E-02    0.500 F    0.000    0.083 21.5 G  0.70  -0.22   U T12      0.18 1 1
 469219    O C   2017 04 28.426594      1.000E-06 12 49 32.900  1.500E-02    0.500 F    0.000    0.047 +33 15 19.00  1.000E-02    0.500 F    0.000    0.044 21.6 G  0.70  -0.12   U T12      0.13 1 1
 469219    O C   2017 04 28.427510      1.000E-06 12 49 32.666  1.500E-02    0.500 F    0.000    0.039 +33 15 16.84  1.000E-02    0.500 F    0.000    0.013 21.7 G  0.70  -0.02   U T12      0.08 1 1
 469219    O C   2017 04 28.428434      1.000E-06 12 49 32.430  1.500E-02    0.500 F    0.000    0.031 +33 15 14.76  1.000E-02    0.500 F    0.000    0.082 21.6 G  0.70  -0.12   U T12      0.17 1 1
 469219    O C   2017 04 28.429351      1.000E-06 12 49 32.196  1.500E-02    0.500 F    0.000    0.024 +33 15 12.59  1.000E-02    0.500 F    0.000    0.045 21.5 G  0.70  -0.22   U T12      0.10 1 1
 469219    O C   2017 04 28.430265      1.000E-06 12 49 31.963  1.500E-02    0.500 F    0.000    0.020 +33 15 10.46  1.000E-02    0.500 F    0.000    0.043 21.4 G  0.70  -0.32   U T12      0.10 1 1
 469219    O C   2017 04 28.431182      1.000E-06 12 49 31.726  1.500E-02    0.500 F    0.000   -0.025 +33 15 08.36  1.000E-02    0.500 F    0.000    0.079 21.6 G  0.70  -0.12   U T12      0.17 1 1
 469219    O C   2017 04 28.432100      1.000E-06 12 49 31.497  1.500E-02    0.500 F    0.000    0.032 +33 15 06.18  1.000E-02    0.500 F    0.000    0.038 21.8 G  0.70   0.08   U T12      0.10 1 1
 469219    O C   2017 04 28.433022      1.000E-06 12 49 31.263  1.500E-02    0.500 F    0.000    0.038 +33 15 04.07  1.000E-02    0.500 F    0.000    0.077 21.6 G  0.70  -0.12   U T12      0.17 1 1
 469219    O C   2017 04 28.433939      1.000E-06 12 49 31.027  1.500E-02    0.500 F    0.000    0.002 +33 15 01.91  1.000E-02    0.500 F    0.000    0.057 21.5 G  0.70  -0.22   U T12      0.11 1 1
 469219    O C   2017 04 28.434854      1.000E-06 12 49 30.799  1.500E-02    0.500 F    0.000    0.059 +33 14 59.80  1.000E-02    0.500 F    0.000    0.082 21.3 G  0.70  -0.42   U T12      0.20 1 1
 469219    O C   2017 04 28.435779      1.000E-06 12 49 30.564  1.500E-02    0.500 F    0.000    0.060 +33 14 57.68  1.000E-02    0.500 F    0.000    0.122 21.2 G  0.70  -0.52   U T12      0.27 1 1
 469219    O C   2017 04 28.436700      1.000E-06 12 49 30.329  1.500E-02    0.500 F    0.000    0.046 +33 14 55.53  1.000E-02    0.500 F    0.000    0.123 21.3 G  0.70  -0.42   U T12      0.26 1 1
 469219    O C   2017 04 28.437630      1.000E-06 12 49 30.089  1.500E-02    0.500 F    0.000   -0.002 +33 14 53.31  1.000E-02    0.500 F    0.000    0.077 21.4 G  0.70  -0.32   U T12      0.15 1 1
 469219    O C   2017 04 28.438545      1.000E-06 12 49 29.863  1.500E-02    0.500 F    0.000    0.077 +33 14 51.22  1.000E-02    0.500 F    0.000    0.127 21.8 G  0.70   0.08   U T12      0.30 1 1
 469219    O C   2017 05 25.387913      1.000E-06 11 49 06.522  1.500E-02    0.447 F    0.000    0.065 +11 31 13.15  1.000E-02    0.447 F    0.000   -0.010 23.3 G  0.70   0.91   U T12      0.15 1 1
 469219    O C   2017 05 25.389870      1.000E-06 11 49 06.384  1.500E-02    0.447 F    0.000    0.022 +11 31 06.87  1.000E-02    0.447 F    0.000   -0.179 23.7 G  0.70   1.31   U T12      0.40 1 1
 469219    O C   2017 05 25.391829      1.000E-06 11 49 06.264  1.500E-02    0.447 F    0.000    0.239 +11 31 00.89  1.000E-02    0.447 F    0.000   -0.041 23.0 G  0.70   0.61   U T12      0.55 1 1
 469219    O C   2017 05 25.393787      1.000E-06 11 49 06.109  1.500E-02    0.447 F    0.000   -0.066 +11 30 54.70  1.000E-02    0.447 F    0.000   -0.115 22.0 G  0.70  -0.39   U T12      0.30 1 1
 469219    O C   2017 05 25.395759      1.000E-06 11 49 05.980  1.500E-02    0.447 F    0.000    0.019 +11 30 48.58  1.000E-02    0.447 F    0.000   -0.074 22.2 G  0.70  -0.19   U T12      0.17 1 1
 469219    O C   2017 05 25.397727      1.000E-06 11 49 05.848  1.500E-02    0.447 F    0.000    0.048 +11 30 42.47  1.000E-02    0.447 F    0.000   -0.035 22.1 G  0.70  -0.29   U T12      0.13 1 1
 469219    O C   2017 05 25.399685      1.000E-06 11 49 05.714  1.500E-02    0.447 F    0.000    0.032 +11 30 36.35  1.000E-02    0.447 F    0.000   -0.037 22.1 G  0.70  -0.29   U T12      0.11 1 1
 469219    O C   2017 05 25.401642      1.000E-06 11 49 05.584  1.500E-02    0.447 F    0.000    0.066 +11 30 30.22  1.000E-02    0.447 F    0.000   -0.050 21.9 G  0.70  -0.49   U T12      0.19 1 1
 469219    O C   2017 05 25.403601      1.000E-06 11 49 05.453  1.500E-02    0.447 F    0.000    0.080 +11 30 24.16  1.000E-02    0.447 F    0.000    0.013 22.0 G  0.70  -0.39   U T12      0.18 1 1
 469219    O C   2017 05 25.405559      1.000E-06 11 49 05.321  1.500E-02    0.447 F    0.000    0.072 +11 30 18.04  1.000E-02    0.447 F    0.000    0.015 22.3 G  0.70  -0.09   U T12      0.16 1 1
 469219    O C   2017 05 25.407517      1.000E-06 11 49 05.190  1.500E-02    0.447 F    0.000    0.071 +11 30 11.84  1.000E-02    0.447 F    0.000   -0.063 23.0 G  0.70   0.61   U T12      0.21 1 1
 469219    O C   2017 05 25.409475      1.000E-06 11 49 05.066  1.500E-02    0.447 F    0.000    0.167 +11 30 05.85  1.000E-02    0.447 F    0.000    0.069 22.9 G  0.70   0.51   U T12      0.41 1 1
 469219    O C   2017 05 25.411433      1.000E-06 11 49 04.925  1.500E-02    0.447 F    0.000    0.005 +11 29 59.51  1.000E-02    0.447 F    0.000   -0.147 23.0 G  0.70   0.61   U T12      0.33 1 1
 469219    O C   2017 05 25.413390      1.000E-06 11 49 04.798  1.500E-02    0.447 F    0.000    0.041 +11 29 53.47  1.000E-02    0.447 F    0.000   -0.066 22.1 G  0.70  -0.29   U T12      0.17 1 1
 469219    O C   2017 05 25.415348      1.000E-06 11 49 04.674  1.500E-02    0.447 F    0.000    0.114 +11 29 47.35  1.000E-02    0.447 F    0.000   -0.061 22.4 G  0.70   0.01   U T12      0.29 1 1
 469219    O C   2017 05 25.417316      1.000E-06 11 49 04.553  1.500E-02    0.447 F    0.000    0.234 +11 29 41.34  1.000E-02    0.447 F    0.000    0.086 22.6 G  0.70   0.21   U T12      0.56 1 1
 469219    O C   2017 05 25.419281      1.000E-06 11 49 04.413  1.500E-02    0.447 F    0.000    0.064 +11 29 35.03  1.000E-02    0.447 F    0.000   -0.075 21.9 G  0.70  -0.49   U T12      0.22 1 1
 469219    O C   2017 05 25.421240      1.000E-06 11 49 04.287  1.500E-02    0.447 F    0.000    0.087 +11 29 28.98  1.000E-02    0.447 F    0.000    0.005 22.1 G  0.70  -0.29   U T12      0.20 1 1
 469219    O C   2017 05 25.423197      1.000E-06 11 49 04.158  1.500E-02    0.447 F    0.000    0.057 +11 29 22.82  1.000E-02    0.447 F    0.000   -0.030 22.0 G  0.70  -0.39   U T12      0.14 1 1
 469219    O C   2017 05 25.425155      1.000E-06 11 49 04.036  1.500E-02    0.447 F    0.000    0.123 +11 29 16.68  1.000E-02    0.447 F    0.000   -0.041 22.3 G  0.70  -0.09   U T12      0.29 1 1
 469219    O C   2017 05 27.305485      1.000E-06 11 47 32.036  1.500E-02    0.332 F    0.000    0.059 +09 53 28.40  1.000E-02    0.332 F    0.000    0.010 22.8 G  0.70   0.35   U T12      0.18 1 1
 469219    O C   2017 05 27.307453      1.000E-06 11 47 31.905  1.500E-02    0.332 F    0.000    0.060 +09 53 22.30  1.000E-02    0.332 F    0.000   -0.049 23.4 G  0.70   0.95   U T12      0.23 1 1
 469219    O C   2017 05 27.309410      1.000E-06 11 47 31.782  1.500E-02    0.332 F    0.000    0.165 +09 53 16.25  1.000E-02    0.332 F    0.000   -0.090 23.2 G  0.70   0.75   U T12      0.57 1 1
 469219    O C   2017 05 27.311378      1.000E-06 11 47 31.638  1.500E-02    0.332 F    0.000   -0.034 +09 53 10.11  1.000E-02    0.332 F    0.000   -0.186 22.4 G  0.70  -0.05   U T12      0.57 1 1
 469219    O C   2017 05 27.313338      1.000E-06 11 47 31.514  1.500E-02    0.332 F    0.000    0.052 +09 53 04.23  1.000E-02    0.332 F    0.000   -0.046 22.1 G  0.70  -0.35   U T12      0.21 1 1
 469219    O C   2017 05 27.315295      1.000E-06 11 47 31.391  1.500E-02    0.332 F    0.000    0.146 +09 52 58.33  1.000E-02    0.332 F    0.000    0.066 22.6 G  0.70   0.15   U T12      0.49 1 1
 469219    O C   2017 05 27.317253      1.000E-06 11 47 31.244  1.500E-02    0.332 F    0.000   -0.118 +09 52 52.19  1.000E-02    0.332 F    0.000   -0.058 22.4 G  0.70  -0.05   U T12      0.40 1 1
 469219    O C   2017 05 27.319214      1.000E-06 11 47 31.116  1.500E-02    0.332 F    0.000   -0.102 +09 52 46.18  1.000E-02    0.332 F    0.000   -0.041 22.0 G  0.70  -0.45   U T12      0.33 1 1
 469219    O C   2017 05 27.321178      1.000E-06 11 47 30.990  1.500E-02    0.332 F    0.000   -0.057 +09 52 40.06  1.000E-02    0.332 F    0.000   -0.124 22.3 G  0.70  -0.15   U T12      0.41 1 1
 469219    O C   2017 05 27.323134      1.000E-06 11 47 30.867  1.500E-02    0.332 F    0.000    0.020 +09 52 34.21  1.000E-02    0.332 F    0.000    0.040 22.3 G  0.70  -0.15   U T12      0.14 1 1
 469219    O C   2017 05 27.325093      1.000E-06 11 47 30.746  1.500E-02    0.332 F    0.000    0.125 +09 52 28.01  1.000E-02    0.332 F    0.000   -0.136 22.4 G  0.70  -0.05   U T12      0.56 1 1
 469219    O C   2017 05 28.279868      1.000E-06 11 46 49.920  1.500E-02    0.332 F    0.000    0.152 +09 04 05.83  1.000E-02    0.332 F    0.000    0.108 22.7 G  0.70   0.22   U T12      0.57 1 1
 469219    O C   2017 05 28.281826      1.000E-06 11 46 49.789  1.500E-02    0.332 F    0.000    0.049 +09 03 59.66  1.000E-02    0.332 F    0.000   -0.095 22.6 G  0.70   0.12   U T12      0.32 1 1
 469219    O C   2017 05 28.283796      1.000E-06 11 46 49.671  1.500E-02    0.332 F    0.000    0.147 +09 03 53.68  1.000E-02    0.332 F    0.000   -0.071 22.8 G  0.70   0.32   U T12      0.50 1 1
 469219    O C   2017 05 28.285759      1.000E-06 11 46 49.535  1.500E-02    0.332 F    0.000   -0.031 +09 03 47.67  1.000E-02    0.332 F    0.000   -0.097 22.2 G  0.70  -0.28   U T12      0.31 1 1
 469219    O C   2017 05 28.287715      1.000E-06 11 46 49.419  1.500E-02    0.332 F    0.000    0.079 +09 03 41.73  1.000E-02    0.332 F    0.000   -0.074 22.1 G  0.70  -0.38   U T12      0.33 1 1
 469219    O C   2017 05 28.289672      1.000E-06 11 46 49.296  1.500E-02    0.332 F    0.000    0.083 +09 03 35.84  1.000E-02    0.332 F    0.000    0.004 22.1 G  0.70  -0.38   U T12      0.25 1 1
 469219    O C   2017 05 28.291632      1.000E-06 11 46 49.165  1.500E-02    0.332 F    0.000   -0.031 +09 03 29.74  1.000E-02    0.332 F    0.000   -0.118 22.2 G  0.70  -0.28   U T12      0.37 1 1
 469219    O C   2017 05 28.293590      1.000E-06 11 46 49.047  1.500E-02    0.332 F    0.000    0.042 +09 03 23.79  1.000E-02    0.332 F    0.000   -0.095 22.4 G  0.70  -0.08   U T12      0.31 1 1
 469219    O C   2017 05 28.295549      1.000E-06 11 46 48.933  1.500E-02    0.332 F    0.000    0.173 +09 03 17.80  1.000E-02    0.332 F    0.000   -0.108 23.2 G  0.70   0.72   U T12      0.62 1 1
 469219    O C   2017 05 28.297512      1.000E-06 11 46 48.797  1.500E-02    0.332 F    0.000   -0.021 +09 03 11.83  1.000E-02    0.332 F    0.000   -0.087 23.6 G  0.70   1.12   U T12      0.27 1 1
 469219    O C   2017 05 28.299470      1.000E-06 11 46 48.677  1.500E-02    0.332 F    0.000    0.014 +09 03 05.87  1.000E-02    0.332 F    0.000   -0.071 23.3 G  0.70   0.82   U T12      0.22 1 1
 469219    O C   2018 04 13.496038      1.000E-06 13 33 25.100  1.500E-02    0.447 F    0.000    0.135 +40 47 46.84  1.000E-02    0.447 F    0.000   -0.033 22.61G  0.50   0.82   U T12      0.31 1 1
 469219    O C   2018 04 13.497150      1.000E-06 13 33 24.761  1.500E-02    0.447 F    0.000    0.004 +40 47 46.04  1.000E-02    0.447 F    0.000    0.126 22.15G  0.50   0.36   U T12      0.28 1 1
 469219    O C   2018 04 13.498258      1.000E-06 13 33 24.427  1.500E-02    0.447 F    0.000   -0.085 +40 47 45.06  1.000E-02    0.447 F    0.000    0.104 21.89G  0.50   0.10   U T12      0.30 1 1
 469219    O C   2018 04 13.499368      1.000E-06 13 33 24.109  1.500E-02    0.447 F    0.000    0.014 +40 47 44.10  1.000E-02    0.447 F    0.000    0.106 21.69G  0.50  -0.10   U T12      0.24 1 1
 469219    O C   2018 04 13.500479      1.000E-06 13 33 23.783  1.500E-02    0.447 F    0.000    0.024 +40 47 43.11  1.000E-02    0.447 F    0.000    0.080 21.78G  0.50  -0.01   U T12      0.19 1 1
 469219    O C   2018 04 13.501590      1.000E-06 13 33 23.445  1.500E-02    0.447 F    0.000   -0.103 +40 47 42.20  1.000E-02    0.447 F    0.000    0.135 22.03G  0.50   0.24   U T12      0.38 1 1
 469219    O C   2018 04 13.502701      1.000E-06 13 33 23.123  1.500E-02    0.447 F    0.000   -0.049 +40 47 41.18  1.000E-02    0.447 F    0.000    0.083 22.12G  0.50   0.33   U T12      0.22 1 1
 469219    O C   2018 04 13.503815      1.000E-06 13 33 22.793  1.500E-02    0.447 F    0.000   -0.078 +40 47 40.24  1.000E-02    0.447 F    0.000    0.115 21.91G  0.50   0.12   U T12      0.31 1 1
 469219    O C   2018 04 13.504925      1.000E-06 13 33 22.476  1.500E-02    0.447 F    0.000    0.027 +40 47 39.27  1.000E-02    0.447 F    0.000    0.116 21.93G  0.50   0.14   U T12      0.27 1 1
 469219    O C   2018 04 13.506036      1.000E-06 13 33 22.140  1.500E-02    0.447 F    0.000   -0.082 +40 47 38.16  1.000E-02    0.447 F    0.000   -0.021 22.20G  0.50   0.41   U T12      0.19 1 1
 469219    O C   2018 04 13.507147      1.000E-06 13 33 21.816  1.500E-02    0.447 F    0.000   -0.056 +40 47 37.29  1.000E-02    0.447 F    0.000    0.084 22.08G  0.50   0.29   U T12      0.23 1 1
 469219    O C   2018 04 13.508260      1.000E-06 13 33 21.493  1.500E-02    0.447 F    0.000   -0.013 +40 47 36.39  1.000E-02    0.447 F    0.000    0.162 21.87G  0.50   0.08   U T12      0.36 1 1
 469219    O C   2018 04 13.509372      1.000E-06 13 33 21.162  1.500E-02    0.447 F    0.000   -0.065 +40 47 35.35  1.000E-02    0.447 F    0.000    0.101 21.77G  0.50  -0.02   U T12      0.27 1 1
 469219    O C   2018 04 13.510481      1.000E-06 13 33 20.837  1.500E-02    0.447 F    0.000   -0.060 +40 47 34.33  1.000E-02    0.447 F    0.000    0.060 21.60G  0.50  -0.19   U T12      0.19 1 1
 469219    O C   2018 04 13.511590      1.000E-06 13 33 20.515  1.500E-02    0.447 F    0.000   -0.023 +40 47 33.36  1.000E-02    0.447 F    0.000    0.070 21.60G  0.50  -0.19   U T12      0.17 1 1
 469219    O C   2018 04 13.512701      1.000E-06 13 33 20.187  1.500E-02    0.447 F    0.000   -0.048 +40 47 32.38  1.000E-02    0.447 F    0.000    0.074 21.94G  0.50   0.15   U T12      0.20 1 1
 469219    O C   2018 04 13.513810      1.000E-06 13 33 19.862  1.500E-02    0.447 F    0.000   -0.047 +40 47 31.40  1.000E-02    0.447 F    0.000    0.077 22.33G  0.50   0.54   U T12      0.20 1 1
 469219    O C   2018 04 13.514921      1.000E-06 13 33 19.531  1.500E-02    0.447 F    0.000   -0.109 +40 47 30.47  1.000E-02    0.447 F    0.000    0.135 22.38G  0.50   0.59   U T12      0.39 1 1
 469219    O C   2018 04 13.516030      1.000E-06 13 33 19.210  1.500E-02    0.447 F    0.000   -0.065 +40 47 29.32  1.000E-02    0.447 F    0.000   -0.028 22.39G  0.50   0.60   U T12      0.16 1 1
 469219    O C   2018 04 13.517142      1.000E-06 13 33 18.896  1.500E-02    0.447 F    0.000    0.067 +40 47 28.45  1.000E-02    0.447 F    0.000    0.093 22.09G  0.50   0.30   U T12      0.26 1 1
 469219    O C B 2021 05 13.926657      1.000E-06 11 27 07.620  1.500E-01    1.732 F    0.000   -0.205 +22 29 53.40  1.000E-01    1.732 F    0.000    0.908 22.6 g  0.70  -0.68   Z 950      0.54 1 1
 469219    O C B 2021 05 13.955188      1.000E-06 11 27 06.320  1.500E-01    1.732 F    0.000   -0.053 +22 28 29.70  1.000E-01    1.732 F    0.000    0.321 22.9 g  0.70  -0.39   Z 950      0.19 1 1
 469219    O C B 2021 05 13.988295      1.000E-06 11 27 04.830  1.500E-01    1.732 F    0.000   -0.444 +22 26 52.20  1.000E-01    1.732 F    0.000   -0.164 22.9 g  0.70  -0.39   Z 950      0.27 1 1
 469219    O C D 2024 02 20.53166       1.000E-05 14 27 28.320  1.500E-01    1.039 F    0.000   -0.170 +45 07 58.40  1.000E-01    1.039 F    0.000   -1.054 22.8 G  0.70   0.33   V 695      1.03 1 1
 469219    O C D 2024 02 20.53841       1.000E-05 14 27 27.900  1.500E-01    1.039 F    0.000   -0.249 +45 08 09.00  1.000E-01    1.039 F    0.000   -1.136 23.1 G  0.70   0.63   V 695      1.12 1 1
 469219    O C D 2024 02 20.54515       1.000E-05 14 27 27.510  1.500E-01    1.039 F    0.000   -0.032 +45 08 19.80  1.000E-01    1.039 F    0.000   -0.951 22.6 G  0.70   0.13   V 695      0.92 1 1
 469219    O C K 2024 03 05.967414      1.000E-06 14 04 00.466  1.500E-02    0.849 F    0.000    0.330 +51 06 32.72  1.000E-02    0.849 F    0.000   -0.696 23.6 G  0.70   1.31   V 598      0.92 1 1
 469219    O C K 2024 03 05.987865      1.000E-06 14 03 56.700  1.500E-02    0.849 F    0.000    0.136 +51 07 00.26  1.000E-02    0.849 F    0.000   -1.189 23.0 G  0.70   0.71   V 598      1.43 1 1
 469219    O C K 2024 03 07.956465      1.000E-06 13 58 11.794  1.500E-02    1.039 F    0.000    0.199 +51 46 01.70  1.000E-02    1.039 F    0.000   -0.800 22.3 G  0.70   0.02   V 598      0.80 1 1
 469219    O C K 2024 03 07.968630      1.000E-06 13 58 09.307  1.500E-02    1.039 F    0.000   -0.007 +51 46 16.68  1.000E-02    1.039 F    0.000   -1.169 22.6 G  0.70   0.32   V 598      1.13 1 1
 469219    O C K 2024 03 07.974208      1.000E-06 13 58 08.203  1.500E-02    1.039 F    0.000    0.291 +51 46 23.84  1.000E-02    1.039 F    0.000   -1.003 21.8 G  0.70  -0.48   V 598      1.01 1 1
 469219    O C 1 2024 03 14.041056      1.000E-06 13 36 30.188  1.500E-02    0.600 F    0.000    0.181 +53 18 19.79  1.000E-02    0.600 F    0.000   -0.711 22.6 G  0.70   0.37   V Z84      1.25 1 1
 469219    O C   2024 03 18.547282      1.000E-06 13 17 18.287  1.500E-02    1.732 F    0.000    0.243 +53 50 59.19  1.000E-02    1.732 F    0.000   -0.690 21.92w  0.50  -0.42   X F52      0.42 1 1
 469219    O C   2024 03 18.561682      1.000E-06 13 17 13.986  1.500E-02    1.732 F    0.000    0.410 +53 51 00.93  1.000E-02    1.732 F    0.000   -0.574 22.01w  0.50  -0.33   X F52      0.41 1 1
 469219    O C   2024 03 18.576043      1.000E-06 13 17 09.693  1.500E-02    1.732 F    0.000    0.397 +53 51 02.33  1.000E-02    1.732 F    0.000   -0.475 22.41w  0.50   0.07   X F52      0.36 1 1
 469219    O C   2025 01 10.945075      1.000E-06 13 44 48.486  1.500E-02    2.449 F    0.000   -0.782 +30 26 32.97  1.000E-02    2.449 F    0.000   -1.043 22.23r  0.50  -0.71     O18      0.53 1 1
 469219    O C   2025 01 10.950758      1.000E-06 13 44 49.081  1.500E-02    2.449 F    0.000   -0.924 +30 26 41.52  1.000E-02    2.449 F    0.000   -0.993 22.32r  0.50  -0.62     O18      0.55 1 1
 469219    O C   2025 01 10.957864      1.000E-06 13 44 49.861  1.500E-02    2.449 F    0.000   -0.613 +30 26 52.25  1.000E-02    2.449 F    0.000   -0.860 22.56r  0.50  -0.38     O18      0.43 1 1
 469219    O C   2025 01 10.960723      1.000E-06 13 44 50.157  1.500E-02    2.449 F    0.000   -0.711 +30 26 56.30  1.000E-02    2.449 F    0.000   -1.063 22.39r  0.50  -0.55     O18      0.52 1 1
 469219    O C   2025 01 10.962158      1.000E-06 13 44 50.306  1.500E-02    2.449 F    0.000   -0.753 +30 26 58.42  1.000E-02    2.449 F    0.000   -1.076 22.30r  0.50  -0.64     O18      0.54 1 1
 469219    O C   2025 01 10.969288      1.000E-06 13 44 51.062  1.500E-02    2.449 F    0.000   -0.748 +30 27 08.82  1.000E-02    2.449 F    0.000   -1.249 22.30r  0.50  -0.64     O18      0.59 1 1