# Light curves (flux) and distances from the asteroid-centered ecliptic coordinate system (AU).
# time (JD), flux, sun_x, sun_y, sun_z, earth_x, earth_y, earth_z
2457525.800391 5.31480660e-01 6.88933710e-01 8.31782467e-01 -4.10213446e-02 1.32101687e-01 -1.25081217e-02 -4.09884089e-02
2457525.802657 9.23607531e-01 6.88904877e-01 8.31803438e-01 -4.10165941e-02 1.32104761e-01 -1.25087456e-02 -4.09836590e-02
2457525.804602 9.23607531e-01 6.88880128e-01 8.31821437e-01 -4.10125165e-02 1.32107400e-01 -1.25092809e-02 -4.09795820e-02
2457526.799807 1.21755185e+00 6.76136843e-01 8.40934042e-01 -3.89214270e-02 1.33455450e-01 -1.27602436e-02 -3.88887607e-02
2457526.803807 1.01271552e+00 6.76085305e-01 8.40970274e-01 -3.89130037e-02 1.33460859e-01 -1.27611603e-02 -3.88803384e-02
2457526.807792 6.38980295e-01 6.76033957e-01 8.41006368e-01 -3.89046119e-02 1.33466247e-01 -1.27620727e-02 -3.88719475e-02
2457526.812078 1.46381929e+00 6.75978728e-01 8.41045185e-01 -3.88955860e-02 1.33472042e-01 -1.27630533e-02 -3.88629227e-02
2457526.816153 1.11042049e+00 6.75926216e-01 8.41082087e-01 -3.88870043e-02 1.33477552e-01 -1.27639848e-02 -3.88543421e-02
2457526.820106 1.60504593e+00 6.75875273e-01 8.41117881e-01 -3.88786794e-02 1.33482897e-01 -1.27648877e-02 -3.88460181e-02
2457526.824126 7.00627961e-01 6.75823464e-01 8.41154279e-01 -3.88702133e-02 1.33488332e-01 -1.27658052e-02 -3.88375530e-02
2457526.828118 4.84716123e-01 6.75772014e-01 8.41190420e-01 -3.88618060e-02 1.33493729e-01 -1.27667155e-02 -3.88291466e-02
2457526.832097 1.46381929e+00 6.75720729e-01 8.41226441e-01 -3.88534259e-02 1.33499109e-01 -1.27676222e-02 -3.88207675e-02
2457526.836126 9.23607531e-01 6.75668796e-01 8.41262910e-01 -3.88449404e-02 1.33504556e-01 -1.27685395e-02 -3.88122830e-02
2457549.761645 8.48724351e-01 3.44054631e-01 9.91581612e-01 1.08499134e-02 1.60428594e-01 -6.99887975e-03 1.08887535e-02
2457549.765450 5.87173792e-01 3.43994628e-01 9.91596251e-01 1.08582221e-02 1.60431924e-01 -6.99630321e-03 1.08970602e-02
2457549.769243 1.47491388e+00 3.43934812e-01 9.91610840e-01 1.08665045e-02 1.60435242e-01 -6.99373436e-03 1.09053407e-02
2457549.773027 9.30607745e-01 3.43875138e-01 9.91625391e-01 1.08747673e-02 1.60438553e-01 -6.99117118e-03 1.09136015e-02
2457549.776873 1.47491388e+00 3.43814485e-01 9.91640177e-01 1.08831654e-02 1.60441916e-01 -6.98856558e-03 1.09219976e-02
2457549.780639 9.30607745e-01 3.43755091e-01 9.91654651e-01 1.08913887e-02 1.60445210e-01 -6.98601375e-03 1.09302190e-02
2457549.784588 4.88389887e-01 3.43692811e-01 9.91669825e-01 1.09000117e-02 1.60448663e-01 -6.98333747e-03 1.09388398e-02
2457549.788733 1.47491388e+00 3.43627438e-01 9.91685748e-01 1.09090625e-02 1.60452286e-01 -6.98052787e-03 1.09478885e-02
2457549.792558 8.48724351e-01 3.43567110e-01 9.91700437e-01 1.09174146e-02 1.60455629e-01 -6.97793473e-03 1.09562386e-02
2457549.796297 1.47491388e+00 3.43508138e-01 9.91714793e-01 1.09255789e-02 1.60458897e-01 -6.97539947e-03 1.09644009e-02
2457549.800056 9.30607745e-01 3.43448849e-01 9.91729222e-01 1.09337868e-02 1.60462181e-01 -6.97285023e-03 1.09726068e-02
2457549.803932 5.35508863e-01 3.43387713e-01 9.91744097e-01 1.09422501e-02 1.60465567e-01 -6.97022122e-03 1.09810681e-02
2457836.038616 7.44152392e-01 1.09146235e+00 9.87098735e-02 -1.31193211e-01 9.58651533e-02 4.91961801e-02 -1.31187357e-01
2457836.040573 7.44152392e-01 1.09146038e+00 9.87401047e-02 -1.31191315e-01 9.58642946e-02 4.91926493e-02 -1.31185459e-01
2457836.042531 1.41795315e+00 1.09145840e+00 9.87703513e-02 -1.31189418e-01 9.58634358e-02 4.91891167e-02 -1.31183560e-01
2457836.044490 1.55475472e+00 1.09145643e+00 9.88006132e-02 -1.31187520e-01 9.58625767e-02 4.91855822e-02 -1.31181659e-01
2457836.046447 8.15946873e-01 1.09145445e+00 9.88308441e-02 -1.31185624e-01 9.58617187e-02 4.91820514e-02 -1.31179761e-01
2457836.048407 6.78675048e-01 1.09145247e+00 9.88611213e-02 -1.31183725e-01 9.58608596e-02 4.91785150e-02 -1.31177859e-01
2457836.050365 8.94667955e-01 1.09145049e+00 9.88913676e-02 -1.31181828e-01 9.58600016e-02 4.91749823e-02 -1.31175959e-01
2457836.052323 8.94667955e-01 1.09144851e+00 9.89216137e-02 -1.31179930e-01 9.58591439e-02 4.91714495e-02 -1.31174060e-01
2457836.054281 1.07562746e+00 1.09144653e+00 9.89518598e-02 -1.31178033e-01 9.58582863e-02 4.91679167e-02 -1.31172160e-01
2457836.056240 1.17940206e+00 1.09144454e+00 9.89821212e-02 -1.31176134e-01 9.58574286e-02 4.91643821e-02 -1.31170259e-01
2457838.060674 1.42107019e+00 1.08893276e+00 1.29897032e-01 -1.29175773e-01 9.50970430e-02 4.55338849e-02 -1.29167261e-01
2457838.062632 7.45788234e-01 1.08892984e+00 1.29927179e-01 -1.29173763e-01 9.50964150e-02 4.55303276e-02 -1.29165249e-01
2457838.064590 8.17740537e-01 1.08892691e+00 1.29957326e-01 -1.29171753e-01 9.50957873e-02 4.55267703e-02 -1.29163236e-01
2457838.066549 1.18199470e+00 1.08892398e+00 1.29987488e-01 -1.29169741e-01 9.50951594e-02 4.55232111e-02 -1.29161222e-01
2457838.068506 8.96634670e-01 1.08892106e+00 1.30017620e-01 -1.29167732e-01 9.50945325e-02 4.55196555e-02 -1.29159210e-01
2457838.070464 7.45788234e-01 1.08891813e+00 1.30047766e-01 -1.29165721e-01 9.50939054e-02 4.55160981e-02 -1.29157196e-01
2457838.072424 6.20319635e-01 1.08891520e+00 1.30077944e-01 -1.29163708e-01 9.50932779e-02 4.55125371e-02 -1.29155181e-01
2457838.074383 6.80166953e-01 1.08891227e+00 1.30108105e-01 -1.29161697e-01 9.50926510e-02 4.55089779e-02 -1.29153167e-01
2457838.076340 1.18199470e+00 1.08890934e+00 1.30138236e-01 -1.29159687e-01 9.50920249e-02 4.55054222e-02 -1.29151154e-01
2457838.078301 1.70850215e+00 1.08890640e+00 1.30168429e-01 -1.29157673e-01 9.50913978e-02 4.55018593e-02 -1.29149137e-01
2457842.016368 7.47331639e-01 1.08115844e+00 1.90544403e-01 -1.24895042e-01 9.42857468e-02 3.83361633e-02 -1.24881602e-01
2457842.018328 1.18444083e+00 1.08115366e+00 1.90574308e-01 -1.24892814e-01 9.42855707e-02 3.83326025e-02 -1.24879371e-01
2457842.020287 1.29871355e+00 1.08114889e+00 1.90604197e-01 -1.24890586e-01 9.42853948e-02 3.83290435e-02 -1.24877141e-01
2457842.022245 6.81574556e-01 1.08114412e+00 1.90634072e-01 -1.24888359e-01 9.42852193e-02 3.83254864e-02 -1.24874912e-01
2457842.024204 9.85174970e-01 1.08113934e+00 1.90663961e-01 -1.24886131e-01 9.42850439e-02 3.83219275e-02 -1.24872682e-01
2457842.026164 4.71534387e-01 1.08113456e+00 1.90693865e-01 -1.24883902e-01 9.42848686e-02 3.83183667e-02 -1.24870451e-01
2457842.028124 7.47331639e-01 1.08112978e+00 1.90723769e-01 -1.24881673e-01 9.42846936e-02 3.83148060e-02 -1.24868220e-01
2457842.030080 1.56139710e+00 1.08112501e+00 1.90753612e-01 -1.24879448e-01 9.42845191e-02 3.83112526e-02 -1.24865993e-01
2457842.032037 1.42401108e+00 1.08112024e+00 1.90783470e-01 -1.24877222e-01 9.42843447e-02 3.83076973e-02 -1.24863765e-01
2457842.033995 8.98490251e-01 1.08111546e+00 1.90813344e-01 -1.24874995e-01 9.42841705e-02 3.83041403e-02 -1.24861536e-01
2457843.021764 1.32122477e+00 1.07858951e+00 2.05862729e-01 -1.23738010e-01 9.42244089e-02 3.65121400e-02 -1.23723581e-01
2457843.023722 8.33636469e-01 1.07858427e+00 2.05892518e-01 -1.23735730e-01 9.42243460e-02 3.65085933e-02 -1.23721299e-01
2457843.025682 6.93388614e-01 1.07857903e+00 2.05922337e-01 -1.23733447e-01 9.42242833e-02 3.65050431e-02 -1.23719015e-01
2457843.027639 1.00225148e+00 1.07857379e+00 2.05952110e-01 -1.23731168e-01 9.42242208e-02 3.65014983e-02 -1.23716734e-01
2457843.029598 1.58846155e+00 1.07856855e+00 2.05981914e-01 -1.23728886e-01 9.42241585e-02 3.64979499e-02 -1.23714451e-01
2457843.031557 9.14064212e-01 1.07856331e+00 2.06011717e-01 -1.23726604e-01 9.42240965e-02 3.64944015e-02 -1.23712167e-01
2457843.033514 4.37498639e-01 1.07855807e+00 2.06041490e-01 -1.23724325e-01 9.42240347e-02 3.64908568e-02 -1.23709886e-01
2457843.035472 1.00225148e+00 1.07855283e+00 2.06071278e-01 -1.23722044e-01 9.42239731e-02 3.64873103e-02 -1.23707603e-01
2457843.037431 1.20497131e+00 1.07854758e+00 2.06101081e-01 -1.23719762e-01 9.42239116e-02 3.64837620e-02 -1.23705319e-01
2457843.039389 1.00225148e+00 1.07854234e+00 2.06130868e-01 -1.23717481e-01 9.42238505e-02 3.64802155e-02 -1.23703037e-01
2457844.018450 1.10650651e+00 1.07580680e+00 2.21003306e-01 -1.22563896e-01 9.42205685e-02 3.47102664e-02 -1.22548647e-01
2457844.020443 4.40508176e-01 1.07580100e+00 2.21033535e-01 -1.22561522e-01 9.42206171e-02 3.47066709e-02 -1.22546271e-01
2457844.022406 5.80702870e-01 1.07579529e+00 2.21063308e-01 -1.22559183e-01 9.42206653e-02 3.47031297e-02 -1.22543930e-01
2457844.024365 6.36728036e-01 1.07578959e+00 2.21093020e-01 -1.22556848e-01 9.42207135e-02 3.46995957e-02 -1.22541595e-01
2457844.026325 1.21326026e+00 1.07578388e+00 2.21122748e-01 -1.22554513e-01 9.42207620e-02 3.46960599e-02 -1.22539257e-01
2457844.028286 1.33031342e+00 1.07577817e+00 2.21152490e-01 -1.22552176e-01 9.42208108e-02 3.46925224e-02 -1.22536919e-01
2457844.030245 1.00914593e+00 1.07577247e+00 2.21182202e-01 -1.22549841e-01 9.42208597e-02 3.46889884e-02 -1.22534583e-01
2457844.032204 7.65515472e-01 1.07576676e+00 2.21211913e-01 -1.22547506e-01 9.42209088e-02 3.46854546e-02 -1.22532247e-01
2457844.034164 1.45865966e+00 1.07576105e+00 2.21241640e-01 -1.22545170e-01 9.42209581e-02 3.46819189e-02 -1.22529909e-01
2457844.036126 1.45865966e+00 1.07575533e+00 2.21271396e-01 -1.22542832e-01 9.42210078e-02 3.46783797e-02 -1.22527569e-01
2457845.055711 9.79967870e-01 1.07266197e+00 2.36709085e-01 -1.21313610e-01 9.42759733e-02 3.28438611e-02 -1.21297683e-01
2457845.058007 8.93741320e-01 1.07265473e+00 2.36743790e-01 -1.21310810e-01 9.42761624e-02 3.28397413e-02 -1.21294882e-01
2457845.059964 8.93741320e-01 1.07264855e+00 2.36773370e-01 -1.21308424e-01 9.42763239e-02 3.28362298e-02 -1.21292495e-01
2457845.061922 8.93741320e-01 1.07264238e+00 2.36802965e-01 -1.21306036e-01 9.42764856e-02 3.28327166e-02 -1.21290106e-01
2457845.063880 1.41648453e+00 1.07263620e+00 2.36832560e-01 -1.21303649e-01 9.42766476e-02 3.28292033e-02 -1.21287717e-01
2457845.065846 1.29184924e+00 1.07262999e+00 2.36862276e-01 -1.21301251e-01 9.42768104e-02 3.28256758e-02 -1.21285319e-01
2457845.067806 4.69042113e-01 1.07262381e+00 2.36891901e-01 -1.21298861e-01 9.42769730e-02 3.28221591e-02 -1.21282927e-01
2457845.069764 8.15101772e-01 1.07261762e+00 2.36921495e-01 -1.21296473e-01 9.42771356e-02 3.28186460e-02 -1.21280538e-01
2457845.071721 1.29184924e+00 1.07261144e+00 2.36951074e-01 -1.21294086e-01 9.42772983e-02 3.28151347e-02 -1.21278150e-01
2457845.073681 1.07451340e+00 1.07260525e+00 2.36980698e-01 -1.21291696e-01 9.42774615e-02 3.28116181e-02 -1.21275759e-01
2457845.075638 9.79967870e-01 1.07259907e+00 2.37010277e-01 -1.21289309e-01 9.42776246e-02 3.28081069e-02 -1.21273371e-01
2457857.754162 1.17779978e+00 1.01393295e+00 4.23345709e-01 -1.03781049e-01 9.94635828e-02 1.13739861e-02 -1.03762531e-01
2457857.756343 8.00567834e-01 1.01391971e+00 4.23376669e-01 -1.03777702e-01 9.94651337e-02 1.13705958e-02 -1.03759183e-01
2457857.758523 4.81117847e-01 1.01390647e+00 4.23407611e-01 -1.03774357e-01 9.94666839e-02 1.13672076e-02 -1.03755837e-01
2457857.765879 1.02091943e+00 1.01386180e+00 4.23512006e-01 -1.03763070e-01 9.94719159e-02 1.13557768e-02 -1.03744546e-01
2457857.768178 6.94584039e-01 1.01384784e+00 4.23544623e-01 -1.03759543e-01 9.94735511e-02 1.13522055e-02 -1.03741017e-01
2457857.770358 1.18436291e+00 1.01383460e+00 4.23575561e-01 -1.03756198e-01 9.94751024e-02 1.13488181e-02 -1.03737671e-01
2457857.772546 1.62240074e+00 1.01382131e+00 4.23606610e-01 -1.03752840e-01 9.94766595e-02 1.13454187e-02 -1.03734312e-01
2457857.774723 6.95619051e-01 1.01380808e+00 4.23637515e-01 -1.03749498e-01 9.94782096e-02 1.13420351e-02 -1.03730968e-01
2457857.776903 7.22922042e-01 1.01379484e+00 4.23668438e-01 -1.03746153e-01 9.94797608e-02 1.13386497e-02 -1.03727623e-01
2457857.786203 9.52631194e-01 1.01373833e+00 4.23800406e-01 -1.03731879e-01 9.94863835e-02 1.13242025e-02 -1.03713344e-01
2457857.788383 1.02752280e+00 1.01372508e+00 4.23831341e-01 -1.03728533e-01 9.94879366e-02 1.13208161e-02 -1.03709996e-01
2457857.790569 1.55061792e+00 1.01371179e+00 4.23862363e-01 -1.03725177e-01 9.94894942e-02 1.13174204e-02 -1.03706639e-01
2457857.792765 1.24189477e+00 1.01369844e+00 4.23893526e-01 -1.03721805e-01 9.94910591e-02 1.13140092e-02 -1.03703266e-01
2457857.794944 8.21444327e-01 1.01368519e+00 4.23924441e-01 -1.03718461e-01 9.94926119e-02 1.13106251e-02 -1.03699920e-01
2457857.797127 5.87270432e-01 1.01367192e+00 4.23955414e-01 -1.03715109e-01 9.94941678e-02 1.13072349e-02 -1.03696568e-01
2457857.799308 9.94988671e-01 1.01365866e+00 4.23986355e-01 -1.03711762e-01 9.94957223e-02 1.13038482e-02 -1.03693218e-01
2457857.801505 1.53888016e+00 1.01364530e+00 4.24017535e-01 -1.03708388e-01 9.94972891e-02 1.13004355e-02 -1.03689843e-01
2457857.805872 8.95979628e-01 1.01361874e+00 4.24079493e-01 -1.03701683e-01 9.95004031e-02 1.12936543e-02 -1.03683136e-01
2457857.808057 8.28401351e-01 1.01360546e+00 4.24110480e-01 -1.03698329e-01 9.95019608e-02 1.12902629e-02 -1.03679781e-01
2457857.810238 1.21545291e+00 1.01359218e+00 4.24141434e-01 -1.03694979e-01 9.95035172e-02 1.12868752e-02 -1.03676430e-01
2457857.812417 9.44622170e-01 1.01357893e+00 4.24172348e-01 -1.03691634e-01 9.95050717e-02 1.12834920e-02 -1.03673083e-01
2457869.903688 1.09349815e+00 9.24086023e-01 5.87954250e-01 -8.35522251e-02 1.11100921e-01 -5.19555246e-03 -8.35215257e-02
2457869.904604 9.09532145e-01 9.24078067e-01 5.87966000e-01 -8.35505879e-02 1.11102002e-01 -5.19659813e-03 -8.35198878e-02
2457869.905525 7.56515884e-01 9.24070067e-01 5.87977813e-01 -8.35489418e-02 1.11103088e-01 -5.19764947e-03 -8.35182409e-02
2457869.906448 4.77329253e-01 9.24062050e-01 5.87989653e-01 -8.35472921e-02 1.11104177e-01 -5.19870306e-03 -8.35165904e-02
2457869.907370 6.29242505e-01 9.24054042e-01 5.88001479e-01 -8.35456442e-02 1.11105264e-01 -5.19975548e-03 -8.35149418e-02
2457869.908292 4.35329453e-01 9.24046033e-01 5.88013306e-01 -8.35439963e-02 1.11106352e-01 -5.20080785e-03 -8.35132931e-02
2457869.909211 5.73875985e-01 9.24038050e-01 5.88025094e-01 -8.35423537e-02 1.11107436e-01 -5.20185677e-03 -8.35116497e-02
2457869.910140 9.09532145e-01 9.24029980e-01 5.88037010e-01 -8.35406932e-02 1.11108532e-01 -5.20291706e-03 -8.35099885e-02
2457869.911057 1.19899687e+00 9.24022014e-01 5.88048772e-01 -8.35390541e-02 1.11109614e-01 -5.20396363e-03 -8.35083487e-02
2457869.911978 1.58058571e+00 9.24014013e-01 5.88060585e-01 -8.35374079e-02 1.11110700e-01 -5.20501472e-03 -8.35067017e-02
2457869.912891 1.31467393e+00 9.24006081e-01 5.88072295e-01 -8.35357760e-02 1.11111777e-01 -5.20605664e-03 -8.35050691e-02
2457869.913808 1.19899687e+00 9.23998115e-01 5.88084057e-01 -8.35341369e-02 1.11112859e-01 -5.20710310e-03 -8.35034292e-02
2457869.914723 1.09349815e+00 9.23990166e-01 5.88095793e-01 -8.35325013e-02 1.11113939e-01 -5.20814724e-03 -8.35017929e-02
2457869.915640 9.09532145e-01 9.23982199e-01 5.88107554e-01 -8.35308622e-02 1.11115020e-01 -5.20919363e-03 -8.35001531e-02
2457869.916561 9.09532145e-01 9.23974197e-01 5.88119367e-01 -8.35292159e-02 1.11116107e-01 -5.21024454e-03 -8.34985060e-02
2457869.917478 9.97282159e-01 9.23966230e-01 5.88131128e-01 -8.35275767e-02 1.11117189e-01 -5.21129086e-03 -8.34968661e-02
2457869.918396 1.31467393e+00 9.23958254e-01 5.88142902e-01 -8.35259358e-02 1.11118272e-01 -5.21233828e-03 -8.34952244e-02
2457869.919312 1.58058571e+00 9.23950295e-01 5.88154650e-01 -8.35242984e-02 1.11119353e-01 -5.21338338e-03 -8.34935863e-02
2457869.920233 1.73307777e+00 9.23942293e-01 5.88166462e-01 -8.35226520e-02 1.11120440e-01 -5.21443415e-03 -8.34919391e-02
2457869.921149 1.58058571e+00 9.23934334e-01 5.88178210e-01 -8.35210146e-02 1.11121521e-01 -5.21547919e-03 -8.34903010e-02
2457869.922066 1.19899687e+00 9.23926366e-01 5.88189971e-01 -8.35193753e-02 1.11122603e-01 -5.21652532e-03 -8.34886610e-02
2457869.922987 6.89950687e-01 9.23918363e-01 5.88201783e-01 -8.35177289e-02 1.11123690e-01 -5.21757599e-03 -8.34870138e-02
2457869.923904 3.62091267e-01 9.23910394e-01 5.88213543e-01 -8.35160897e-02 1.11124772e-01 -5.21862206e-03 -8.34853738e-02
2457869.924830 5.23381118e-01 9.23902348e-01 5.88225419e-01 -8.35144343e-02 1.11125864e-01 -5.21967836e-03 -8.34837177e-02
2457869.925747 6.89950687e-01 9.23894379e-01 5.88237179e-01 -8.35127950e-02 1.11126947e-01 -5.22072435e-03 -8.34820776e-02
2457869.926661 4.35329453e-01 9.23886436e-01 5.88248901e-01 -8.35111610e-02 1.11128025e-01 -5.22176689e-03 -8.34804429e-02
2457869.927581 5.73875985e-01 9.23878441e-01 5.88260699e-01 -8.35095163e-02 1.11129111e-01 -5.22281624e-03 -8.34787975e-02
2457869.928503 5.23381118e-01 9.23870428e-01 5.88272523e-01 -8.35078680e-02 1.11130199e-01 -5.22386783e-03 -8.34771485e-02
2457869.929420 9.09532145e-01 9.23862459e-01 5.88284283e-01 -8.35062287e-02 1.11131282e-01 -5.22491369e-03 -8.34755084e-02
2457869.930337 1.31467393e+00 9.23854489e-01 5.88296042e-01 -8.35045893e-02 1.11132364e-01 -5.22595951e-03 -8.34738682e-02
2457869.931252 1.73307777e+00 9.23846537e-01 5.88307776e-01 -8.35029535e-02 1.11133444e-01 -5.22700301e-03 -8.34722317e-02
2457869.932169 1.58058571e+00 9.23838567e-01 5.88319536e-01 -8.35013140e-02 1.11134526e-01 -5.22804876e-03 -8.34705915e-02
2457869.933086 1.44151130e+00 9.23830597e-01 5.88331295e-01 -8.34996746e-02 1.11135609e-01 -5.22909447e-03 -8.34689513e-02
2457869.934009 9.97282159e-01 9.23822574e-01 5.88343131e-01 -8.34980244e-02 1.11136698e-01 -5.23014699e-03 -8.34673004e-02
2457869.934925 8.29503172e-01 9.23814613e-01 5.88354877e-01 -8.34963868e-02 1.11137779e-01 -5.23119149e-03 -8.34656620e-02
2457870.919618 1.23280263e+00 9.15155927e-01 6.00917793e-01 -8.17268988e-02 1.12314985e-01 -6.33342278e-03 -8.16954581e-02
2457870.920531 1.12432936e+00 9.15147806e-01 6.00929381e-01 -8.17252498e-02 1.12316090e-01 -6.33442549e-03 -8.16938085e-02
2457870.921448 9.35176424e-01 9.15139650e-01 6.00941020e-01 -8.17235936e-02 1.12317200e-01 -6.33543255e-03 -8.16921518e-02
2457870.922363 7.77845872e-01 9.15131511e-01 6.00952634e-01 -8.17219410e-02 1.12318307e-01 -6.33643737e-03 -8.16904986e-02
2457870.923280 8.52891042e-01 9.15123354e-01 6.00964272e-01 -8.17202848e-02 1.12319417e-01 -6.33744436e-03 -8.16888418e-02
2457870.924197 1.12432936e+00 9.15115197e-01 6.00975911e-01 -8.17186286e-02 1.12320527e-01 -6.33845131e-03 -8.16871850e-02
2457870.925116 1.12432936e+00 9.15107022e-01 6.00987575e-01 -8.17169687e-02 1.12321639e-01 -6.33946042e-03 -8.16855245e-02
2457870.926032 1.12432936e+00 9.15098874e-01 6.00999200e-01 -8.17153143e-02 1.12322748e-01 -6.34046620e-03 -8.16838695e-02
2457870.926949 1.02540056e+00 9.15090717e-01 6.01010839e-01 -8.17136580e-02 1.12323858e-01 -6.34147304e-03 -8.16822126e-02
2457870.927865 1.02540056e+00 9.15082568e-01 6.01022464e-01 -8.17120035e-02 1.12324967e-01 -6.34247875e-03 -8.16805575e-02
2457870.928784 1.12432936e+00 9.15074392e-01 6.01034127e-01 -8.17103436e-02 1.12326079e-01 -6.34348771e-03 -8.16788970e-02
2457870.929700 1.12432936e+00 9.15066243e-01 6.01045753e-01 -8.17086891e-02 1.12327188e-01 -6.34449334e-03 -8.16772419e-02
2457870.930616 8.52891042e-01 9.15058094e-01 6.01057378e-01 -8.17070345e-02 1.12328297e-01 -6.34549894e-03 -8.16755868e-02
2457870.931534 7.77845872e-01 9.15049927e-01 6.01069028e-01 -8.17053764e-02 1.12329409e-01 -6.34650670e-03 -8.16739280e-02
2457870.932449 5.38137865e-01 9.15041787e-01 6.01080640e-01 -8.17037236e-02 1.12330516e-01 -6.34751112e-03 -8.16722747e-02
2457870.933366 6.46984016e-01 9.15033628e-01 6.01092277e-01 -8.17020672e-02 1.12331627e-01 -6.34851771e-03 -8.16706177e-02
2457870.934293 4.90787566e-01 9.15025380e-01 6.01104042e-01 -8.17003928e-02 1.12332749e-01 -6.34953524e-03 -8.16689426e-02
2457870.935209 7.77845872e-01 9.15017230e-01 6.01115666e-01 -8.16987381e-02 1.12333858e-01 -6.35054065e-03 -8.16672874e-02
2457870.936125 1.23280263e+00 9.15009080e-01 6.01127291e-01 -8.16970835e-02 1.12334967e-01 -6.35154603e-03 -8.16656322e-02
2457870.937042 1.62515037e+00 9.15000921e-01 6.01138928e-01 -8.16954271e-02 1.12336077e-01 -6.35255247e-03 -8.16639752e-02
2457870.937958 1.48215476e+00 9.14992770e-01 6.01150552e-01 -8.16937724e-02 1.12337186e-01 -6.35355778e-03 -8.16623199e-02
2457870.938874 1.23280263e+00 9.14984619e-01 6.01162176e-01 -8.16921177e-02 1.12338295e-01 -6.35456305e-03 -8.16606647e-02
2457870.939791 9.35176424e-01 9.14976460e-01 6.01173812e-01 -8.16904612e-02 1.12339406e-01 -6.35556938e-03 -8.16590076e-02
2457870.940709 9.35176424e-01 9.14968291e-01 6.01185462e-01 -8.16888029e-02 1.12340517e-01 -6.35657678e-03 -8.16573487e-02
2457870.941623 1.02540056e+00 9.14960157e-01 6.01197060e-01 -8.16871518e-02 1.12341624e-01 -6.35757974e-03 -8.16556970e-02
2457870.942543 9.35176424e-01 9.14951970e-01 6.01208734e-01 -8.16854899e-02 1.12342738e-01 -6.35858926e-03 -8.16540345e-02
2457870.943458 9.35176424e-01 9.14943828e-01 6.01220345e-01 -8.16838369e-02 1.12343846e-01 -6.35959325e-03 -8.16523809e-02
2457870.944377 1.02540056e+00 9.14935649e-01 6.01232007e-01 -8.16821767e-02 1.12344959e-01 -6.36060159e-03 -8.16507202e-02
2457870.945295 1.02540056e+00 9.14927479e-01 6.01243655e-01 -8.16805183e-02 1.12346071e-01 -6.36160880e-03 -8.16490612e-02
2457870.946226 1.02540056e+00 9.14919194e-01 6.01255469e-01 -8.16788364e-02 1.12347198e-01 -6.36263024e-03 -8.16473787e-02
2457870.947142 8.52891042e-01 9.14911041e-01 6.01267092e-01 -8.16771816e-02 1.12348308e-01 -6.36363518e-03 -8.16457233e-02
2457870.948059 1.12432936e+00 9.14902880e-01 6.01278727e-01 -8.16755250e-02 1.12349418e-01 -6.36464119e-03 -8.16440661e-02
2457870.948976 1.02540056e+00 9.14894719e-01 6.01290363e-01 -8.16738684e-02 1.12350529e-01 -6.36564715e-03 -8.16424088e-02
2457870.949891 1.12432936e+00 9.14886575e-01 6.01301973e-01 -8.16722153e-02 1.12351637e-01 -6.36665089e-03 -8.16407552e-02
2457870.950808 7.77845872e-01 9.14878413e-01 6.01313608e-01 -8.16705586e-02 1.12352748e-01 -6.36765678e-03 -8.16390979e-02
2457871.916490 1.27432373e+00 9.06187987e-01 6.13503355e-01 -7.99174483e-02 1.13535802e-01 -7.40659744e-03 -7.98854522e-02
2457871.917406 1.53207410e+00 9.06179654e-01 6.13514857e-01 -7.99157774e-02 1.13536937e-01 -7.40756347e-03 -7.98837809e-02
2457871.918331 1.27432373e+00 9.06171238e-01 6.13526472e-01 -7.99140901e-02 1.13538083e-01 -7.40853896e-03 -7.98820931e-02
2457871.919256 8.81616622e-01 9.06162823e-01 6.13538087e-01 -7.99124027e-02 1.13539228e-01 -7.40951441e-03 -7.98804053e-02
2457871.920172 5.56262485e-01 9.06154489e-01 6.13549589e-01 -7.99107317e-02 1.13540363e-01 -7.41048033e-03 -7.98787339e-02
2457871.921088 4.21968247e-01 9.06146155e-01 6.13561090e-01 -7.99090608e-02 1.13541498e-01 -7.41144621e-03 -7.98770625e-02
2457871.922005 5.07317416e-01 9.06137811e-01 6.13572605e-01 -7.99073880e-02 1.13542634e-01 -7.41241311e-03 -7.98753893e-02
2457871.922921 8.04043921e-01 9.06129477e-01 6.13584106e-01 -7.99057170e-02 1.13543769e-01 -7.41337892e-03 -7.98737179e-02
2457871.923838 8.81616622e-01 9.06121133e-01 6.13595620e-01 -7.99040441e-02 1.13544905e-01 -7.41434575e-03 -7.98720446e-02
2457871.924755 1.05993631e+00 9.06112789e-01 6.13607134e-01 -7.99023713e-02 1.13546041e-01 -7.41531253e-03 -7.98703713e-02
2457871.925677 1.05993631e+00 9.06104400e-01 6.13618710e-01 -7.99006893e-02 1.13547183e-01 -7.41628456e-03 -7.98686889e-02
2457871.926594 9.66673408e-01 9.06096055e-01 6.13630224e-01 -7.98990164e-02 1.13548319e-01 -7.41725127e-03 -7.98670156e-02
2457871.927510 8.81616622e-01 9.06087720e-01 6.13641725e-01 -7.98973453e-02 1.13549454e-01 -7.41821689e-03 -7.98653441e-02
2457871.928434 9.66673408e-01 9.06079312e-01 6.13653326e-01 -7.98956596e-02 1.13550599e-01 -7.41919091e-03 -7.98636580e-02
2457871.929351 1.05993631e+00 9.06070967e-01 6.13664840e-01 -7.98939867e-02 1.13551735e-01 -7.42015752e-03 -7.98619846e-02
2457871.930265 1.16219706e+00 9.06062649e-01 6.13676315e-01 -7.98923192e-02 1.13552868e-01 -7.42112092e-03 -7.98603167e-02
2457871.931182 9.66673408e-01 9.06054304e-01 6.13687828e-01 -7.98906463e-02 1.13554004e-01 -7.42208745e-03 -7.98586433e-02
2457871.932100 8.04043921e-01 9.06045950e-01 6.13699354e-01 -7.98889715e-02 1.13555141e-01 -7.42305499e-03 -7.98569681e-02
2457871.933022 9.66673408e-01 9.06037559e-01 6.13710929e-01 -7.98872894e-02 1.13556284e-01 -7.42402671e-03 -7.98552855e-02
2457871.933939 1.05993631e+00 9.06029213e-01 6.13722442e-01 -7.98856164e-02 1.13557420e-01 -7.42499313e-03 -7.98536121e-02
2457871.934854 1.27432373e+00 9.06020886e-01 6.13733929e-01 -7.98839470e-02 1.13558554e-01 -7.42595740e-03 -7.98519423e-02
2457871.935779 1.39726819e+00 9.06012467e-01 6.13745542e-01 -7.98822594e-02 1.13559700e-01 -7.42693217e-03 -7.98502543e-02
2457871.936700 1.27432373e+00 9.06004084e-01 6.13757105e-01 -7.98805790e-02 1.13560842e-01 -7.42790269e-03 -7.98485735e-02
2457871.937630 1.16219706e+00 9.05995620e-01 6.13768780e-01 -7.98788822e-02 1.13561994e-01 -7.42888266e-03 -7.98468763e-02
2457871.938545 8.04043921e-01 9.05987291e-01 6.13780267e-01 -7.98772128e-02 1.13563128e-01 -7.42984678e-03 -7.98452064e-02
2457898.887913 4.38168237e-01 5.93375097e-01 8.92524625e-01 -2.55296740e-02 1.51321415e-01 -1.88549932e-02 -2.54873267e-02
2457898.889870 3.03138357e-01 5.93348037e-01 8.92539863e-01 -2.55254549e-02 1.51324115e-01 -1.88545818e-02 -2.54831072e-02
2457898.891829 5.77618231e-01 5.93320950e-01 8.92555116e-01 -2.55212315e-02 1.51326817e-01 -1.88541699e-02 -2.54788833e-02
2457898.893787 1.45091140e+00 5.93293875e-01 8.92570361e-01 -2.55170102e-02 1.51329518e-01 -1.88537580e-02 -2.54746616e-02
2457898.895759 1.20681553e+00 5.93266607e-01 8.92585713e-01 -2.55127587e-02 1.51332239e-01 -1.88533430e-02 -2.54704097e-02
2457898.897727 1.32324692e+00 5.93239393e-01 8.92601033e-01 -2.55085158e-02 1.51334953e-01 -1.88529286e-02 -2.54661663e-02
2457898.899685 1.32324692e+00 5.93212317e-01 8.92616275e-01 -2.55042945e-02 1.51337654e-01 -1.88525162e-02 -2.54619445e-02
2457898.903601 1.45091140e+00 5.93158163e-01 8.92646756e-01 -2.54958517e-02 1.51343056e-01 -1.88516907e-02 -2.54535009e-02
2457898.905559 1.10062885e+00 5.93131086e-01 8.92661996e-01 -2.54916303e-02 1.51345756e-01 -1.88512777e-02 -2.54492790e-02
2457898.907517 5.77618231e-01 5.93104007e-01 8.92677234e-01 -2.54874089e-02 1.51348457e-01 -1.88508646e-02 -2.54450571e-02
2457898.909475 6.33345796e-01 5.93076929e-01 8.92692472e-01 -2.54831874e-02 1.51351157e-01 -1.88504512e-02 -2.54408352e-02
2457898.911433 5.77618231e-01 5.93049849e-01 8.92707709e-01 -2.54789660e-02 1.51353858e-01 -1.88500377e-02 -2.54366132e-02
2457898.913390 1.32324692e+00 5.93022783e-01 8.92722937e-01 -2.54747466e-02 1.51356557e-01 -1.88496242e-02 -2.54323934e-02
2457898.915348 1.00378544e+00 5.92995703e-01 8.92738172e-01 -2.54705251e-02 1.51359257e-01 -1.88492103e-02 -2.54281714e-02
2457898.917316 8.34912362e-01 5.92968483e-01 8.92753484e-01 -2.54662820e-02 1.51361971e-01 -1.88487942e-02 -2.54239279e-02
2457898.921240 1.32324692e+00 5.92914209e-01 8.92784013e-01 -2.54578215e-02 1.51367383e-01 -1.88479638e-02 -2.54154665e-02
2457898.923197 1.45091140e+00 5.92887140e-01 8.92799237e-01 -2.54536021e-02 1.51370082e-01 -1.88475494e-02 -2.54112466e-02
2457898.925155 1.10062885e+00 5.92860057e-01 8.92814468e-01 -2.54493804e-02 1.51372782e-01 -1.88471346e-02 -2.54070245e-02
2457900.805485 7.76331109e-01 5.66602358e-01 9.07059034e-01 -2.13849216e-02 1.53935662e-01 -1.83665022e-02 -2.13424454e-02
2457900.807453 4.46731925e-01 5.66574619e-01 9.07073539e-01 -2.13806575e-02 1.53938310e-01 -1.83659136e-02 -2.13381814e-02
2457900.809410 5.37089906e-01 5.66547034e-01 9.07087963e-01 -2.13764171e-02 1.53940944e-01 -1.83653281e-02 -2.13339413e-02
2457900.811378 1.12213986e+00 5.66519294e-01 9.07102467e-01 -2.13721530e-02 1.53943592e-01 -1.83647391e-02 -2.13296773e-02
2457900.813338 1.47926843e+00 5.66491666e-01 9.07116911e-01 -2.13679061e-02 1.53946230e-01 -1.83641524e-02 -2.13254306e-02
2457900.815295 9.33355282e-01 5.66464080e-01 9.07131332e-01 -2.13636657e-02 1.53948863e-01 -1.83635664e-02 -2.13211904e-02
2457900.817253 1.12213986e+00 5.66436479e-01 9.07145759e-01 -2.13594232e-02 1.53951498e-01 -1.83629798e-02 -2.13169480e-02
2457900.821178 1.23040189e+00 5.66381149e-01 9.07174678e-01 -2.13509185e-02 1.53956779e-01 -1.83618036e-02 -2.13084437e-02
2457900.823134 1.23040189e+00 5.66353575e-01 9.07189089e-01 -2.13466802e-02 1.53959411e-01 -1.83612172e-02 -2.13042056e-02
2457900.825093 1.12213986e+00 5.66325958e-01 9.07203520e-01 -2.13424354e-02 1.53962047e-01 -1.83606297e-02 -2.12999610e-02
2457901.779868 9.84742481e-01 5.52803903e-01 9.14136636e-01 -1.92713193e-02 1.55237418e-01 -1.80534637e-02 -1.92290050e-02
2457901.781826 1.07974866e+00 5.52776046e-01 9.14150647e-01 -1.92670674e-02 1.55240014e-01 -1.80527913e-02 -1.92247536e-02
2457901.783796 8.98095816e-01 5.52748018e-01 9.14164743e-01 -1.92627895e-02 1.55242626e-01 -1.80521146e-02 -1.92204761e-02
2457901.785759 1.56071165e+00 5.52720089e-01 9.14178788e-01 -1.92585267e-02 1.55245228e-01 -1.80514402e-02 -1.92162138e-02
2457901.791632 1.56071165e+00 5.52636527e-01 9.14220804e-01 -1.92457731e-02 1.55253013e-01 -1.80494213e-02 -1.92034615e-02
2457901.793590 1.29814341e+00 5.52608667e-01 9.14234810e-01 -1.92415211e-02 1.55255609e-01 -1.80487478e-02 -1.91992100e-02
2457901.795549 6.21330501e-01 5.52580792e-01 9.14248822e-01 -1.92372670e-02 1.55258206e-01 -1.80480739e-02 -1.91949563e-02
2457901.797512 4.29855684e-01 5.52552860e-01 9.14262862e-01 -1.92330041e-02 1.55260807e-01 -1.80473984e-02 -1.91906939e-02
2457901.799470 5.66660151e-01 5.52524998e-01 9.14276866e-01 -1.92287521e-02 1.55263403e-01 -1.80467244e-02 -1.91864424e-02
2458221.996038 5.62935967e-01 1.02399927e+00 3.98265956e-01 -1.06286742e-01 1.02744507e-01 2.31478895e-03 -1.06264392e-01
2458221.997150 8.59921876e-01 1.02399294e+00 3.98281913e-01 -1.06285076e-01 1.02745423e-01 2.31309061e-03 -1.06262725e-01
2458221.998258 1.09259447e+00 1.02398664e+00 3.98297813e-01 -1.06283416e-01 1.02746335e-01 2.31139842e-03 -1.06261064e-01
2458221.999368 1.31358747e+00 1.02398032e+00 3.98313742e-01 -1.06281753e-01 1.02747250e-01 2.30970321e-03 -1.06259399e-01
2458222.000479 1.20909102e+00 1.02397400e+00 3.98329685e-01 -1.06280088e-01 1.02748165e-01 2.30800650e-03 -1.06257733e-01
2458222.001590 9.60415139e-01 1.02396767e+00 3.98345628e-01 -1.06278423e-01 1.02749080e-01 2.30630983e-03 -1.06256068e-01
2458222.002701 8.84013704e-01 1.02396135e+00 3.98361571e-01 -1.06276759e-01 1.02749996e-01 2.30461320e-03 -1.06254402e-01
2458222.003815 1.07265237e+00 1.02395501e+00 3.98377556e-01 -1.06275090e-01 1.02750914e-01 2.30291202e-03 -1.06252731e-01
2458222.004925 1.05307426e+00 1.02394869e+00 3.98393485e-01 -1.06273426e-01 1.02751829e-01 2.30121698e-03 -1.06251067e-01
2458222.006036 8.21219016e-01 1.02394237e+00 3.98409427e-01 -1.06271762e-01 1.02752744e-01 2.29952045e-03 -1.06249401e-01
2458222.007147 9.17189338e-01 1.02393605e+00 3.98425369e-01 -1.06270097e-01 1.02753660e-01 2.29782396e-03 -1.06247735e-01
2458222.008260 1.11290732e+00 1.02392971e+00 3.98441340e-01 -1.06268429e-01 1.02754577e-01 2.29612444e-03 -1.06246066e-01
2458222.009372 1.22027861e+00 1.02392338e+00 3.98457297e-01 -1.06266763e-01 1.02755494e-01 2.29442649e-03 -1.06244398e-01
2458222.010481 1.42711509e+00 1.02391707e+00 3.98473210e-01 -1.06265101e-01 1.02756408e-01 2.29273316e-03 -1.06242735e-01
2458222.011590 1.42711509e+00 1.02391075e+00 3.98489123e-01 -1.06263439e-01 1.02757322e-01 2.29103986e-03 -1.06241072e-01
2458222.012701 1.04341962e+00 1.02390443e+00 3.98505065e-01 -1.06261774e-01 1.02758238e-01 2.28934354e-03 -1.06239406e-01
2458222.013810 7.28549387e-01 1.02389811e+00 3.98520978e-01 -1.06260112e-01 1.02759153e-01 2.28765031e-03 -1.06237743e-01
2458222.014921 6.95759264e-01 1.02389179e+00 3.98536919e-01 -1.06258447e-01 1.02760069e-01 2.28595406e-03 -1.06236076e-01
2458222.016030 6.89380504e-01 1.02388547e+00 3.98552832e-01 -1.06256785e-01 1.02760983e-01 2.28426090e-03 -1.06234413e-01
2458222.017142 9.08780495e-01 1.02387914e+00 3.98568788e-01 -1.06255119e-01 1.02761900e-01 2.28256319e-03 -1.06232745e-01